time,enrolled,available,waitlisted,total
2025-02-04T18:39:38,0,23,0,23
2025-02-04T19:10:26,0,23,0,23
2025-02-04T19:41:13,0,23,0,23
2025-02-04T20:11:59,0,23,0,23
2025-02-04T20:42:55,0,23,0,23
2025-02-04T21:13:41,0,23,0,23
2025-02-04T21:44:35,0,23,0,23
2025-02-04T22:15:21,0,23,0,23
2025-02-04T22:46:06,0,23,0,23
2025-02-04T23:17:01,0,23,0,23
2025-02-04T23:47:48,0,23,0,23
2025-02-05T00:18:38,0,23,0,23
2025-02-05T00:49:30,0,23,0,23
2025-02-05T01:20:21,0,23,0,23
2025-02-05T01:51:16,0,23,0,23
2025-02-05T02:22:09,0,23,0,23
2025-02-05T02:52:59,0,23,0,23
2025-02-05T03:23:50,0,23,0,23
2025-02-05T03:54:46,0,23,0,23
2025-02-05T04:24:52,0,23,0,23
2025-02-05T04:55:46,0,23,0,23
2025-02-05T05:26:41,0,23,0,23
2025-02-05T05:57:33,0,23,0,23
2025-02-05T06:28:23,0,23,0,23
2025-02-05T06:59:11,0,23,0,23
2025-02-05T07:30:03,0,23,0,23
2025-02-05T08:00:51,0,23,0,23
2025-02-05T08:31:53,0,23,0,23
2025-02-05T09:02:48,0,23,0,23
2025-02-05T09:33:38,0,23,0,23
2025-02-05T10:04:26,0,23,0,23
2025-02-05T10:35:15,0,23,0,23
2025-02-05T11:06:04,0,23,0,23
2025-02-05T11:37:16,0,23,0,23
2025-02-05T12:08:03,0,23,0,23
2025-02-05T12:39:01,0,23,0,23
2025-02-05T13:09:50,0,23,0,23
2025-02-05T13:40:38,0,23,0,23
2025-02-05T14:11:37,0,23,0,23
2025-02-05T14:42:25,0,23,0,23
2025-02-05T15:13:22,0,23,0,23
2025-02-05T15:44:11,0,23,0,23
2025-02-05T16:14:59,0,23,0,23
2025-02-05T16:45:47,0,23,0,23
2025-02-05T17:16:44,0,23,0,23
2025-02-05T17:47:31,0,23,0,23
2025-02-05T18:18:18,0,23,0,23
2025-02-05T18:49:09,0,23,0,23
2025-02-05T19:19:56,0,23,0,23
2025-02-05T19:50:42,0,23,0,23
2025-02-05T20:21:29,0,23,0,23
2025-02-05T20:52:16,0,23,0,23
2025-02-05T21:23:04,0,23,0,23
2025-02-05T21:53:54,0,23,0,23
2025-02-05T22:24:42,0,23,0,23
2025-02-05T22:56:03,0,23,0,23
2025-02-05T23:26:52,0,23,0,23
2025-02-05T23:57:39,0,23,0,23
2025-02-06T00:28:32,0,23,0,23
2025-02-06T00:59:24,0,23,0,23
2025-02-06T01:30:17,0,23,0,23
2025-02-06T02:01:13,0,23,0,23
2025-02-06T02:32:03,0,23,0,23
2025-02-06T03:03:10,0,23,0,23
2025-02-06T03:34:10,0,23,0,23
2025-02-06T04:04:59,0,23,0,23
2025-02-06T04:26:25,0,23,0,23
2025-02-06T04:57:19,0,23,0,23
2025-02-06T05:28:18,0,23,0,23
2025-02-06T05:59:10,0,23,0,23
2025-02-06T06:30:01,0,23,0,23
2025-02-06T07:00:51,0,23,0,23
2025-02-06T07:31:42,0,23,0,23
2025-02-06T08:02:29,0,23,0,23
2025-02-06T08:33:17,0,23,0,23
2025-02-06T09:04:13,0,23,0,23
2025-02-06T09:35:00,0,23,0,23
2025-02-06T10:05:48,0,23,0,23
2025-02-06T10:36:35,0,23,0,23
2025-02-06T11:07:24,0,23,0,23
2025-02-06T11:38:24,0,23,0,23
2025-02-06T12:09:11,0,23,0,23
2025-02-06T12:40:01,0,23,0,23
2025-02-06T13:11:02,0,23,0,23
2025-02-06T13:41:49,0,23,0,23
2025-02-06T14:12:36,0,23,0,23
2025-02-06T14:43:24,0,23,0,23
2025-02-06T15:14:23,0,23,0,23
2025-02-06T15:45:11,0,23,0,23
2025-02-06T16:16:07,0,23,0,23
2025-02-06T16:47:03,0,23,0,23
2025-02-06T17:18:08,0,23,0,23
2025-02-06T17:49:01,0,23,0,23
2025-02-06T18:19:56,0,23,0,23
2025-02-06T18:51:00,0,23,0,23
2025-02-06T19:22:01,0,23,0,23
2025-02-06T19:52:55,0,23,0,23
2025-02-06T20:23:49,0,23,0,23
2025-02-06T20:54:43,0,23,0,23
2025-02-06T21:25:37,0,23,0,23
2025-02-06T21:56:45,0,23,0,23
2025-02-06T22:27:39,0,23,0,23
2025-02-06T22:58:34,0,23,0,23
2025-02-06T23:29:30,0,23,0,23
2025-02-07T00:00:25,0,23,0,23
2025-02-07T00:31:19,0,23,0,23
2025-02-07T01:02:17,0,23,0,23
2025-02-07T01:33:25,0,23,0,23
2025-02-07T02:04:28,0,23,0,23
2025-02-07T02:35:23,0,23,0,23
2025-02-07T03:06:24,0,23,0,23
2025-02-07T03:37:22,0,23,0,23
2025-02-07T04:09:13,0,23,0,23
2025-02-07T04:35:08,0,23,0,23
2025-02-07T05:06:07,0,23,0,23
2025-02-07T05:37:07,0,23,0,23
2025-02-07T06:08:04,0,23,0,23
2025-02-07T06:39:00,0,23,0,23
2025-02-07T07:09:57,0,23,0,23
2025-02-07T07:40:51,0,23,0,23
2025-02-07T08:11:45,0,23,0,23
2025-02-07T08:42:52,0,23,0,23
2025-02-07T09:13:53,0,23,0,23
2025-02-07T09:44:53,0,23,0,23
2025-02-07T10:16:05,0,23,0,23
2025-02-07T10:47:10,0,23,0,23
2025-02-07T11:18:29,0,23,0,23
2025-02-07T11:49:46,0,23,0,23
2025-02-07T12:21:01,0,23,0,23
2025-02-07T12:52:37,0,23,0,23
2025-02-07T13:24:15,0,23,0,23
2025-02-07T13:55:44,0,23,0,23
2025-02-07T14:27:17,0,23,0,23
2025-02-07T14:58:34,0,23,0,23
2025-02-07T15:29:50,0,23,0,23
2025-02-07T16:00:57,0,23,0,23
2025-02-07T16:32:11,0,23,0,23
2025-02-07T17:03:26,0,23,0,23
2025-02-07T17:34:32,0,23,0,23
2025-02-07T18:05:45,0,23,0,23
2025-02-07T18:36:52,0,23,0,23
2025-02-07T19:08:06,0,23,0,23
2025-02-07T19:39:12,0,23,0,23
2025-02-07T20:10:26,0,23,0,23
2025-02-07T20:41:31,0,23,0,23
2025-02-07T21:12:35,0,23,0,23
2025-02-07T21:43:51,0,23,0,23
2025-02-07T22:14:56,0,23,0,23
2025-02-07T22:46:01,0,23,0,23
2025-02-07T23:17:15,0,23,0,23
2025-02-07T23:48:19,0,23,0,23
2025-02-08T00:19:26,0,23,0,23
2025-02-08T00:50:34,0,23,0,23
2025-02-08T01:21:50,0,23,0,23
2025-02-08T01:52:58,0,23,0,23
2025-02-08T02:24:06,0,23,0,23
2025-02-08T02:55:10,0,23,0,23
2025-02-08T03:26:16,0,23,0,23
2025-02-08T03:57:25,0,23,0,23
2025-02-08T04:32:42,0,23,0,23
2025-02-08T05:03:54,0,23,0,23
2025-02-08T05:35:03,0,23,0,23
2025-02-08T06:06:12,0,23,0,23
2025-02-08T06:37:20,0,23,0,23
2025-02-08T07:08:34,0,23,0,23
2025-02-08T07:39:42,0,23,0,23
2025-02-08T08:10:51,0,23,0,23
2025-02-08T08:42:06,0,23,0,23
2025-02-08T09:13:12,0,23,0,23
2025-02-08T09:44:17,0,23,0,23
2025-02-08T10:15:21,0,23,0,23
2025-02-08T10:46:25,0,23,0,23
2025-02-08T11:17:31,0,23,0,23
2025-02-08T11:48:47,0,23,0,23
2025-02-08T12:19:51,0,23,0,23
2025-02-08T12:50:57,0,23,0,23
2025-02-08T13:22:11,0,23,0,23
2025-02-08T13:53:16,0,23,0,23
2025-02-08T14:24:21,0,23,0,23
2025-02-08T14:55:26,0,23,0,23
2025-02-08T15:26:40,0,23,0,23
2025-02-08T15:57:45,0,23,0,23
2025-02-08T16:28:50,0,23,0,23
2025-02-08T17:00:04,0,23,0,23
2025-02-08T17:31:09,0,23,0,23
2025-02-08T18:02:13,0,23,0,23
2025-02-08T18:33:18,0,23,0,23
2025-02-08T19:04:32,0,23,0,23
2025-02-08T19:35:37,0,23,0,23
2025-02-08T20:06:40,0,23,0,23
2025-02-08T20:37:45,0,23,0,23
2025-02-08T21:08:49,0,23,0,23
2025-02-08T21:40:04,0,23,0,23
2025-02-08T22:11:08,0,23,0,23
2025-02-08T22:42:12,0,23,0,23
2025-02-08T23:13:17,0,23,0,23
2025-02-08T23:44:32,0,23,0,23
2025-02-09T00:15:36,0,23,0,23
2025-02-09T00:46:44,0,23,0,23
2025-02-09T01:17:49,0,23,0,23
2025-02-09T01:48:54,0,23,0,23
2025-02-09T02:19:59,0,23,0,23
2025-02-09T02:51:03,0,23,0,23
2025-02-09T03:22:18,0,23,0,23
2025-02-09T03:53:29,0,23,0,23
2025-02-09T04:30:47,0,23,0,23
2025-02-09T05:01:59,0,23,0,23
2025-02-09T05:33:11,0,23,0,23
2025-02-09T06:04:20,0,23,0,23
2025-02-09T06:35:30,0,23,0,23
2025-02-09T07:06:38,0,23,0,23
2025-02-09T07:37:48,0,23,0,23
2025-02-09T08:10:05,0,23,0,23
2025-02-09T08:41:14,0,23,0,23
2025-02-09T09:12:35,0,23,0,23
2025-02-09T09:43:43,0,23,0,23
2025-02-09T10:15:08,0,23,0,23
2025-02-09T10:46:15,0,23,0,23
2025-02-09T11:17:21,0,23,0,23
2025-02-09T11:48:28,0,23,0,23
2025-02-09T12:19:43,0,23,0,23
2025-02-09T12:50:47,0,23,0,23
2025-02-09T13:21:51,0,23,0,23
2025-02-09T13:52:55,0,23,0,23
2025-02-09T14:24:10,0,23,0,23
2025-02-09T14:55:15,0,23,0,23
2025-02-09T15:26:20,0,23,0,23
2025-02-09T15:57:37,0,23,0,23
2025-02-09T16:28:41,0,23,0,23
2025-02-09T16:59:45,0,23,0,23
2025-02-09T17:30:50,0,23,0,23
2025-02-09T18:02:05,0,23,0,23
2025-02-09T18:33:09,0,23,0,23
2025-02-09T19:04:14,0,23,0,23
2025-02-09T19:35:38,0,23,0,23
2025-02-09T20:06:42,0,23,0,23
2025-02-09T20:37:46,0,23,0,23
2025-02-09T21:08:52,0,23,0,23
2025-02-09T21:40:08,0,23,0,23
2025-02-09T22:11:13,0,23,0,23
2025-02-09T22:42:17,0,23,0,23
2025-02-09T23:13:22,0,23,0,23
2025-02-09T23:44:37,0,23,0,23
2025-02-10T00:15:43,0,23,0,23
2025-02-10T00:46:52,0,23,0,23
2025-02-10T01:18:03,0,23,0,23
2025-02-10T01:49:12,0,23,0,23
2025-02-10T02:20:30,0,23,0,23
2025-02-10T02:51:37,0,23,0,23
2025-02-10T03:22:44,0,23,0,23
2025-02-10T03:53:52,0,23,0,23
2025-02-10T04:25:47,0,23,0,23
2025-02-10T04:57:14,0,23,0,23
2025-02-10T05:28:24,0,23,0,23
2025-02-10T05:59:33,0,23,0,23
2025-02-10T06:30:41,0,23,0,23
2025-02-10T07:01:48,0,23,0,23
2025-02-10T07:32:55,0,23,0,23
2025-02-10T08:04:03,0,23,0,23
2025-02-10T08:35:08,0,23,0,23
2025-02-10T09:06:23,0,23,0,23
2025-02-10T09:37:29,0,23,0,23
2025-02-10T10:08:37,0,23,0,23
2025-02-10T10:39:58,0,23,0,23
2025-02-10T11:11:05,0,23,0,23
2025-02-10T11:42:34,0,23,0,23
2025-02-10T12:13:44,0,23,0,23
2025-02-10T12:45:02,0,23,0,23
2025-02-10T13:19:27,0,23,0,23
2025-02-10T13:55:35,0,23,0,23
2025-02-10T14:27:00,0,23,0,23
2025-02-10T14:58:31,0,23,0,23
2025-02-10T15:29:44,0,23,0,23
2025-02-10T16:01:14,0,23,0,23
2025-02-10T16:32:26,0,23,0,23
2025-02-10T17:03:48,0,23,0,23
2025-02-10T17:35:01,0,23,0,23
2025-02-10T18:06:33,0,23,0,23
2025-02-10T18:37:44,0,23,0,23
2025-02-10T19:08:55,0,23,0,23
2025-02-10T19:40:27,0,23,0,23
2025-02-10T20:11:38,0,23,0,23
2025-02-10T20:42:51,0,23,0,23
2025-02-10T21:14:14,0,23,0,23
2025-02-10T21:45:28,0,23,0,23
2025-02-10T22:16:41,0,23,0,23
2025-02-10T22:48:03,0,23,0,23
2025-02-10T23:19:13,0,23,0,23
2025-02-10T23:50:25,0,23,0,23
2025-02-11T00:21:39,0,23,0,23
2025-02-11T00:53:06,0,23,0,23
2025-02-11T01:24:22,0,23,0,23
2025-02-11T01:55:42,0,23,0,23
2025-02-11T02:26:56,0,23,0,23
2025-02-11T02:58:07,0,23,0,23
2025-02-11T03:29:22,0,23,0,23
2025-02-11T04:00:37,0,23,0,23
2025-02-11T04:36:19,0,23,0,23
2025-02-11T05:07:51,0,23,0,23
2025-02-11T05:39:08,0,23,0,23
2025-02-11T06:10:24,0,23,0,23
2025-02-11T06:41:39,0,23,0,23
2025-02-11T07:12:58,0,23,0,23
2025-02-11T07:44:12,0,23,0,23
2025-02-11T08:15:29,0,23,0,23
2025-02-11T08:46:45,0,23,0,23
2025-02-11T09:18:18,0,23,0,23
2025-02-11T09:49:29,0,23,0,23
2025-02-11T10:20:52,0,23,0,23
2025-02-11T10:52:05,0,23,0,23
2025-02-11T11:23:36,0,23,0,23
2025-02-11T11:54:50,0,23,0,23
2025-02-11T12:26:16,0,23,0,23
2025-02-11T12:57:28,0,23,0,23
2025-02-11T13:28:51,0,23,0,23
2025-02-11T14:00:03,0,23,0,23
2025-02-11T14:31:29,0,23,0,23
2025-02-11T15:02:43,0,23,0,23
2025-02-11T15:34:09,0,23,0,23
2025-02-11T16:05:21,0,23,0,23
2025-02-11T16:36:48,0,23,0,23
2025-02-11T17:08:06,0,23,0,23
2025-02-11T17:39:34,0,23,0,23
2025-02-11T18:10:47,0,23,0,23
2025-02-11T18:41:59,0,23,0,23
2025-02-11T19:13:22,0,23,0,23
2025-02-11T19:44:35,0,23,0,23
2025-02-11T20:15:57,0,23,0,23
2025-02-11T20:47:11,0,23,0,23
2025-02-11T21:18:24,0,23,0,23
2025-02-11T21:49:58,0,23,0,23
2025-02-11T22:21:12,0,23,0,23
2025-02-11T22:52:35,0,23,0,23
2025-02-11T23:23:50,0,23,0,23
2025-02-11T23:55:02,0,23,0,23
2025-02-12T00:26:28,0,23,0,23
2025-02-12T00:57:45,0,23,0,23
2025-02-12T01:29:03,0,23,0,23
2025-02-12T02:00:24,0,23,0,23
2025-02-12T02:31:43,0,23,0,23
2025-02-12T03:03:01,0,23,0,23
2025-02-12T03:34:27,0,23,0,23
2025-02-12T04:05:54,0,23,0,23
2025-02-12T04:30:49,0,23,0,23
2025-02-12T05:03:47,0,23,0,23
2025-02-12T05:35:03,0,23,0,23
2025-02-12T06:06:22,0,23,0,23
2025-02-12T06:37:39,0,23,0,23
2025-02-12T07:08:56,0,23,0,23
2025-02-12T07:40:10,0,23,0,23
2025-02-12T08:11:23,0,23,0,23
2025-02-12T08:42:38,0,23,0,23
2025-02-12T09:14:13,0,23,0,23
2025-02-12T09:45:28,0,23,0,23
2025-02-12T10:16:40,0,23,0,23
2025-02-12T10:47:53,0,23,0,23
2025-02-12T11:19:19,0,23,0,23
2025-02-12T11:50:33,0,23,0,23
2025-02-12T12:22:00,0,23,0,23
2025-02-12T12:53:16,0,23,0,23
2025-02-12T13:24:53,0,23,0,23
2025-02-12T13:56:09,0,23,0,23
2025-02-12T14:27:40,0,23,0,23
2025-02-12T14:58:55,0,23,0,23
2025-02-12T15:30:33,0,23,0,23
2025-02-12T16:01:49,0,23,0,23
2025-02-12T16:33:17,0,23,0,23
2025-02-12T17:04:34,0,23,0,23
2025-02-12T17:36:10,0,23,0,23
2025-02-12T18:07:27,0,23,0,23
2025-02-12T18:38:43,0,23,0,23
2025-02-12T19:10:10,0,23,0,23
2025-02-12T19:41:26,0,23,0,23
2025-02-12T20:12:42,0,23,0,23
2025-02-12T20:44:07,0,23,0,23
2025-02-12T21:15:24,0,23,0,23
2025-02-12T21:46:40,0,23,0,23
2025-02-12T22:17:56,0,23,0,23
2025-02-12T22:49:22,0,23,0,23
2025-02-12T23:20:40,0,23,0,23
2025-02-12T23:51:57,0,23,0,23
2025-02-13T00:23:16,0,23,0,23
2025-02-13T00:54:47,0,23,0,23
2025-02-13T01:26:09,0,23,0,23
2025-02-13T01:57:33,0,23,0,23
2025-02-13T02:28:52,0,23,0,23
2025-02-13T03:00:09,0,23,0,23
2025-02-13T03:31:38,0,23,0,23
2025-02-13T04:02:58,0,23,0,23
2025-02-13T04:36:33,0,23,0,23
2025-02-13T05:07:57,0,23,0,23
2025-02-13T05:39:21,0,23,0,23
2025-02-13T06:10:42,0,23,0,23
2025-02-13T06:42:04,0,23,0,23
2025-02-13T07:13:26,0,23,0,23
2025-02-13T07:44:45,0,23,0,23
2025-02-13T08:16:04,0,23,0,23
2025-02-13T08:47:27,0,23,0,23
2025-02-13T09:18:45,0,23,0,23
2025-02-13T09:50:11,0,23,0,23
2025-02-13T10:21:30,0,23,0,23
2025-02-13T10:52:47,0,23,0,23
2025-02-13T11:24:17,0,23,0,23
2025-02-13T11:55:34,0,23,0,23
2025-02-13T12:27:04,0,23,0,23
2025-02-13T12:58:26,0,23,0,23
2025-02-13T13:29:45,0,23,0,23
2025-02-13T14:01:17,0,23,0,23
2025-02-13T14:32:36,0,23,0,23
2025-02-13T15:04:05,0,23,0,23
2025-02-13T15:35:25,0,23,0,23
2025-02-13T16:06:47,0,23,0,23
2025-02-13T16:38:19,0,23,0,23
2025-02-13T17:09:39,0,23,0,23
2025-02-13T17:41:00,0,23,0,23
2025-02-13T18:12:28,0,23,0,23
2025-02-13T18:43:48,0,23,0,23
2025-02-13T19:15:08,0,23,0,23
2025-02-13T19:46:40,0,23,0,23
2025-02-13T20:18:00,0,23,0,23
2025-02-13T20:49:18,0,23,0,23
2025-02-13T21:20:39,0,23,0,23
2025-02-13T21:52:08,0,23,0,23
2025-02-13T22:23:27,0,23,0,23
2025-02-13T22:54:45,0,23,0,23
2025-02-13T23:26:14,0,23,0,23
2025-02-13T23:57:33,0,23,0,23
2025-02-14T00:28:56,0,23,0,23
2025-02-14T01:00:20,0,23,0,23
2025-02-14T01:31:43,0,23,0,23
2025-02-14T02:03:12,0,23,0,23
2025-02-14T02:34:47,0,23,0,23
2025-02-14T03:06:09,0,23,0,23
2025-02-14T03:37:41,0,23,0,23
2025-02-14T04:27:13,0,23,0,23
2025-02-14T04:58:38,0,23,0,23
2025-02-14T05:30:04,0,23,0,23
2025-02-14T06:01:28,0,23,0,23
2025-02-14T06:32:51,0,23,0,23
2025-02-14T07:04:15,0,23,0,23
2025-02-14T07:35:35,0,23,0,23
2025-02-14T08:06:56,0,23,0,23
2025-02-14T08:38:18,0,23,0,23
2025-02-14T09:09:49,0,23,0,23
2025-02-14T09:41:10,0,23,0,23
2025-02-14T10:12:28,0,23,0,23
2025-02-14T10:43:47,0,23,0,23
2025-02-14T11:15:16,0,23,0,23
2025-02-14T11:46:44,0,23,0,23
2025-02-14T12:18:44,0,23,0,23
2025-02-14T12:50:27,0,23,0,23
2025-02-14T13:21:46,0,23,0,23
2025-02-14T13:53:16,0,23,0,23
2025-02-14T14:24:34,0,23,0,23
2025-02-14T14:55:54,0,23,0,23
2025-02-14T15:27:29,0,23,0,23
2025-02-14T15:58:49,0,23,0,23
2025-02-14T16:30:08,0,23,0,23
2025-02-14T17:01:37,0,23,0,23
2025-02-14T17:32:57,0,23,0,23
2025-02-14T18:04:17,0,23,0,23
2025-02-14T18:35:47,0,23,0,23
2025-02-14T19:07:08,0,23,0,23
2025-02-14T19:38:28,0,23,0,23
2025-02-14T20:09:48,0,23,0,23
2025-02-14T20:41:08,0,23,0,23
2025-02-14T21:12:37,0,23,0,23
2025-02-14T21:43:59,0,23,0,23
2025-02-14T22:15:22,0,23,0,23
2025-02-14T22:46:42,0,23,0,23
2025-02-14T23:18:12,0,23,0,23
2025-02-14T23:49:32,0,23,0,23
2025-02-15T00:22:41,0,23,0,23
2025-02-15T00:54:15,0,23,0,23
2025-02-15T01:25:38,0,23,0,23
2025-02-15T01:57:02,0,23,0,23
2025-02-15T02:28:23,0,23,0,23
2025-02-15T02:59:42,0,23,0,23
2025-02-15T03:31:03,0,23,0,23
2025-02-15T04:02:34,0,23,0,23
2025-02-15T04:29:02,0,23,0,23
2025-02-15T05:00:30,0,23,0,23
2025-02-15T05:31:54,0,23,0,23
2025-02-15T06:03:18,0,23,0,23
2025-02-15T06:34:40,0,23,0,23
2025-02-15T07:06:17,0,23,0,23
2025-02-15T07:37:42,0,23,0,23
2025-02-15T08:09:04,0,23,0,23
2025-02-15T08:40:33,0,23,0,23
2025-02-15T09:11:53,0,23,0,23
2025-02-15T09:43:13,0,23,0,23
2025-02-15T10:14:32,0,23,0,23
2025-02-15T10:46:08,1,22,0,23
2025-02-15T11:17:27,1,22,0,23
2025-02-15T11:48:48,1,22,0,23
2025-02-15T12:20:16,1,22,0,23
2025-02-15T12:51:36,1,22,0,23
2025-02-15T13:23:10,1,22,0,23
2025-02-15T13:54:30,1,22,0,23
2025-02-15T14:25:49,1,22,0,23
2025-02-15T14:57:23,1,22,0,23
2025-02-15T15:28:42,1,22,0,23
2025-02-15T16:00:10,1,22,0,23
2025-02-15T16:31:29,1,22,0,23
2025-02-15T17:02:48,1,22,0,23
2025-02-15T17:34:18,1,22,0,23
2025-02-15T18:05:37,1,22,0,23
2025-02-15T18:36:56,1,22,0,23
2025-02-15T19:08:39,1,22,0,23
2025-02-15T19:39:58,1,22,0,23
2025-02-15T20:11:17,1,22,0,23
2025-02-15T20:42:45,1,22,0,23
2025-02-15T21:14:04,1,22,0,23
2025-02-15T21:45:27,1,22,0,23
2025-02-15T22:16:47,1,22,0,23
2025-02-15T22:48:19,1,22,0,23
2025-02-15T23:19:38,1,22,0,23
2025-02-15T23:50:58,1,22,0,23
2025-02-16T00:22:34,1,22,0,23
2025-02-16T00:53:54,1,22,0,23
2025-02-16T01:26:53,1,22,0,23
2025-02-16T01:58:13,1,22,0,23
2025-02-16T02:29:34,1,22,0,23
2025-02-16T03:00:52,1,22,0,23
2025-02-16T03:32:14,1,22,0,23
2025-02-16T04:03:33,1,22,0,23
2025-02-16T04:26:07,1,22,0,23
2025-02-16T04:57:41,1,22,0,23
2025-02-16T05:29:08,1,22,0,23
2025-02-16T06:00:43,1,22,0,23
2025-02-16T06:32:26,1,22,0,23
2025-02-16T07:03:51,1,22,0,23
2025-02-16T07:35:19,1,22,0,23
2025-02-16T08:06:45,1,22,0,23
2025-02-16T08:38:19,1,22,0,23
2025-02-16T09:09:44,1,22,0,23
2025-02-16T09:41:08,1,22,0,23
2025-02-16T10:12:33,1,22,0,23
2025-02-16T10:44:00,1,22,0,23
2025-02-16T11:15:32,1,22,0,23
2025-02-16T11:46:52,1,22,0,23
2025-02-16T12:18:12,1,22,0,23
2025-02-16T12:49:32,1,22,0,23
2025-02-16T13:21:01,1,22,0,23
2025-02-16T13:52:21,1,22,0,23
2025-02-16T14:23:40,1,22,0,23
2025-02-16T14:55:00,1,22,0,23
2025-02-16T15:26:29,1,22,0,23
2025-02-16T15:57:48,1,22,0,23
2025-02-16T16:29:06,1,22,0,23
2025-02-16T17:00:36,1,22,0,23
2025-02-16T17:31:55,1,22,0,23
2025-02-16T18:03:14,1,22,0,23
2025-02-16T18:34:34,1,22,0,23
2025-02-16T19:06:03,1,22,0,23
2025-02-16T19:37:23,1,22,0,23
2025-02-16T20:08:42,1,22,0,23
2025-02-16T20:40:10,1,22,0,23
2025-02-16T21:11:30,1,22,0,23
2025-02-16T21:42:51,1,22,0,23
2025-02-16T22:14:13,1,22,0,23
2025-02-16T22:45:41,1,22,0,23
2025-02-16T23:17:01,1,22,0,23
2025-02-16T23:48:21,1,22,0,23
2025-02-17T00:19:42,1,22,0,23
2025-02-17T00:51:13,1,22,0,23
2025-02-17T01:22:39,1,22,0,23
2025-02-17T01:54:01,1,22,0,23
2025-02-17T02:25:26,1,22,0,23
2025-02-17T02:56:46,1,22,0,23
2025-02-17T03:28:19,1,22,0,23
2025-02-17T03:59:40,1,22,0,23
2025-02-17T04:25:49,1,22,0,23
2025-02-17T04:57:16,1,22,0,23
2025-02-17T05:28:42,1,22,0,23
2025-02-17T06:00:08,1,22,0,23
2025-02-17T06:31:31,1,22,0,23
2025-02-17T07:02:55,1,22,0,23
2025-02-17T07:34:17,1,22,0,23
2025-02-17T08:05:38,1,22,0,23
2025-02-17T08:37:02,1,22,0,23
2025-02-17T09:08:32,1,22,0,23
2025-02-17T09:39:52,1,22,0,23
2025-02-17T10:11:11,1,22,0,23
2025-02-17T10:42:31,1,22,0,23
2025-02-17T11:14:00,1,22,0,23
2025-02-17T11:45:20,1,22,0,23
2025-02-17T12:16:51,1,22,0,23
2025-02-17T12:48:10,1,22,0,23
2025-02-17T13:19:40,1,22,0,23
2025-02-17T13:51:02,1,22,0,23
2025-02-17T14:22:22,1,22,0,23
2025-02-17T14:53:53,1,22,0,23
2025-02-17T15:25:24,1,22,0,23
2025-02-17T15:56:44,1,22,0,23
2025-02-17T16:28:15,1,22,0,23
2025-02-17T16:59:36,1,22,0,23
2025-02-17T17:31:07,1,22,0,23
2025-02-17T18:02:26,1,22,0,23
2025-02-17T18:33:55,1,22,0,23
2025-02-17T19:05:15,1,22,0,23
2025-02-17T19:36:45,1,22,0,23
2025-02-17T20:08:04,1,22,0,23
2025-02-17T20:39:34,1,22,0,23
2025-02-17T21:10:53,1,22,0,23
2025-02-17T21:42:24,1,22,0,23
2025-02-17T22:13:46,1,22,0,23
2025-02-17T22:45:16,1,22,0,23
2025-02-17T23:16:35,1,22,0,23
2025-02-17T23:47:56,1,22,0,23
2025-02-18T00:19:28,1,22,0,23
2025-02-18T00:50:51,1,22,0,23
2025-02-18T01:22:14,1,22,0,23
2025-02-18T01:53:45,1,22,0,23
2025-02-18T02:25:17,1,22,0,23
2025-02-18T02:56:39,1,22,0,23
2025-02-18T03:28:01,1,22,0,23
2025-02-18T03:59:22,1,22,0,23
2025-02-18T04:37:11,1,22,0,23
2025-02-18T05:08:36,1,22,0,23
2025-02-18T05:40:04,1,22,0,23
2025-02-18T06:11:28,1,22,0,23
2025-02-18T06:43:00,1,22,0,23
2025-02-18T07:14:23,1,22,0,23
2025-02-18T07:45:53,1,22,0,23
2025-02-18T08:17:16,1,22,0,23
2025-02-18T08:48:40,1,22,0,23
2025-02-18T09:20:13,1,22,0,23
2025-02-18T09:51:40,1,22,0,23
2025-02-18T10:23:15,1,22,0,23
2025-02-18T10:54:50,1,22,0,23
2025-02-18T11:26:28,1,22,0,23
2025-02-18T11:58:04,1,22,0,23
2025-02-18T12:29:32,1,22,0,23
2025-02-18T13:01:11,2,21,0,23
2025-02-18T13:32:49,2,21,0,23
2025-02-18T14:04:29,3,20,0,23
2025-02-18T14:36:21,3,20,0,23
2025-02-18T15:08:03,3,20,0,23
2025-02-18T15:39:49,3,20,0,23
2025-02-18T16:11:32,3,20,0,23
2025-02-18T16:43:13,3,20,0,23
2025-02-18T17:15:05,3,20,0,23
2025-02-18T17:46:43,4,19,0,23
2025-02-18T18:18:25,4,19,0,23
2025-02-18T18:50:04,4,19,0,23
2025-02-18T19:21:45,4,19,0,23
2025-02-18T19:53:13,4,19,0,23
2025-02-18T20:07:52,4,19,0,23
2025-02-18T20:39:23,5,18,0,23
2025-02-18T21:11:02,6,17,0,23
2025-02-18T21:42:41,6,17,0,23
2025-02-18T22:14:06,6,17,0,23
2025-02-18T22:45:56,6,17,0,23
2025-02-18T23:17:22,6,17,0,23
2025-02-18T23:48:58,6,17,0,23
2025-02-19T00:20:45,6,17,0,23
2025-02-19T00:52:39,6,17,0,23
2025-02-19T01:24:10,6,17,0,23
2025-02-19T01:55:45,6,17,0,23
2025-02-19T02:27:29,6,17,0,23
2025-02-19T02:58:57,6,17,0,23
2025-02-19T03:30:37,6,17,0,23
2025-02-19T04:02:04,6,17,0,23
2025-02-19T04:30:22,6,17,0,23
2025-02-19T05:01:55,6,17,0,23
2025-02-19T05:33:30,6,17,0,23
2025-02-19T06:04:59,6,17,0,23
2025-02-19T06:36:28,6,17,0,23
2025-02-19T07:07:55,6,17,0,23
2025-02-19T07:39:36,6,17,0,23
2025-02-19T08:11:01,6,17,0,23
2025-02-19T08:42:26,5,18,0,23
2025-02-19T09:13:54,6,17,0,23
2025-02-19T09:45:35,6,17,0,23
2025-02-19T10:17:16,6,17,0,23
2025-02-19T10:48:56,6,17,0,23
2025-02-19T11:20:48,6,17,0,23
2025-02-19T11:52:32,7,16,0,23
2025-02-19T12:24:13,8,15,0,23
2025-02-19T12:56:03,8,15,0,23
2025-02-19T13:27:43,8,15,0,23
2025-02-19T13:59:25,9,14,0,23
2025-02-19T14:31:55,9,14,0,23
2025-02-19T15:03:53,9,14,0,23
2025-02-19T15:35:37,9,14,0,23
2025-02-19T16:07:20,9,14,0,23
2025-02-19T16:39:14,10,13,0,23
2025-02-19T17:10:59,10,13,0,23
2025-02-19T17:42:51,10,13,0,23
2025-02-19T18:14:34,10,13,0,23
2025-02-19T18:46:17,10,13,0,23
2025-02-19T19:17:47,10,13,0,23
2025-02-19T19:49:25,10,13,0,23
2025-02-19T20:21:07,10,13,0,23
2025-02-19T20:52:46,10,13,0,23
2025-02-19T21:24:14,10,13,0,23
2025-02-19T21:55:52,10,13,0,23
2025-02-19T22:27:29,10,13,0,23
2025-02-19T22:58:56,10,13,0,23
2025-02-19T23:30:34,10,13,0,23
2025-02-20T00:02:01,10,13,0,23
2025-02-20T00:33:40,10,13,0,23
2025-02-20T01:05:12,10,13,0,23
2025-02-20T01:36:54,10,13,0,23
2025-02-20T02:08:28,10,13,0,23
2025-02-20T02:39:57,10,13,0,23
2025-02-20T03:11:25,10,13,0,23
2025-02-20T03:42:57,10,13,0,23
2025-02-20T04:27:48,10,13,0,23
2025-02-20T04:59:23,10,13,0,23
2025-02-20T05:30:55,10,13,0,23
2025-02-20T06:02:27,10,13,0,23
2025-02-20T06:33:58,10,13,0,23
2025-02-20T07:05:30,10,13,0,23
2025-02-20T07:37:11,10,13,0,23
2025-02-20T08:08:40,10,13,0,23
2025-02-20T08:40:07,10,13,0,23
2025-02-20T09:11:46,10,13,0,23
2025-02-20T09:43:17,10,13,0,23
2025-02-20T10:15:00,10,13,0,23
2025-02-20T10:46:43,10,13,0,23
2025-02-20T11:18:16,10,13,0,23
2025-02-20T11:50:11,10,13,0,23
2025-02-20T12:21:52,10,13,0,23
2025-02-20T12:53:26,10,13,0,23
2025-02-20T13:25:11,10,13,0,23
2025-02-20T13:56:55,10,13,0,23
2025-02-20T14:28:37,10,13,0,23
2025-02-20T15:00:22,10,13,0,23
2025-02-20T15:32:06,10,13,0,23
2025-02-20T16:03:50,10,13,0,23
2025-02-20T16:35:33,10,13,0,23
2025-02-20T17:07:20,10,13,0,23
2025-02-20T17:38:53,10,13,0,23
2025-02-20T18:10:36,10,13,0,23
2025-02-20T18:42:17,10,13,0,23
2025-02-20T19:13:46,10,13,0,23
2025-02-20T19:45:25,10,13,0,23
2025-02-20T20:16:54,10,13,0,23
2025-02-20T20:48:32,10,13,0,23
2025-02-20T21:20:01,10,13,0,23
2025-02-20T21:51:40,10,13,0,23
2025-02-20T22:23:11,10,13,0,23
2025-02-20T22:54:40,9,14,0,23
2025-02-20T23:26:20,9,14,0,23
2025-02-20T23:57:50,9,14,0,23
2025-02-21T00:29:22,9,14,0,23
2025-02-21T01:01:03,9,14,0,23
2025-02-21T01:32:34,9,14,0,23
2025-02-21T02:04:13,9,14,0,23
2025-02-21T02:35:44,9,14,0,23
2025-02-21T03:07:16,9,14,0,23
2025-02-21T03:38:50,9,14,0,23
2025-02-21T04:10:34,9,14,0,23
2025-02-21T04:35:24,9,14,0,23
2025-02-21T05:08:29,9,14,0,23
2025-02-21T05:40:05,9,14,0,23
2025-02-21T06:11:41,9,14,0,23
2025-02-21T06:43:17,9,14,0,23
2025-02-21T07:14:53,9,14,0,23
2025-02-21T07:46:25,9,14,0,23
2025-02-21T08:17:56,9,14,0,23
2025-02-21T08:49:30,9,14,0,23
2025-02-21T09:21:07,9,14,0,23
2025-02-21T09:52:37,9,14,0,23
2025-02-21T10:24:07,9,14,0,23
2025-02-21T10:55:48,9,14,0,23
2025-02-21T11:27:29,9,14,0,23
2025-02-21T11:59:00,9,14,0,23
2025-02-21T12:30:38,9,14,0,23
2025-02-21T13:02:10,9,14,0,23
2025-02-21T13:33:39,9,14,0,23
2025-02-21T14:05:18,9,14,0,23
2025-02-21T14:36:49,9,14,0,23
2025-02-21T15:08:29,9,14,0,23
2025-02-21T15:39:59,9,14,0,23
2025-02-21T16:11:39,9,14,0,23
2025-02-21T16:43:09,9,14,0,23
2025-02-21T17:14:39,9,14,0,23
2025-02-21T17:46:19,9,14,0,23
2025-02-21T18:17:48,9,14,0,23
2025-02-21T18:49:18,9,14,0,23
2025-02-21T19:20:47,9,14,0,23
2025-02-21T19:52:25,9,14,0,23
2025-02-21T20:23:54,9,14,0,23
2025-02-21T20:55:24,9,14,0,23
2025-02-21T21:26:55,9,14,0,23
2025-02-21T21:58:36,9,14,0,23
2025-02-21T22:30:07,9,14,0,23
2025-02-21T23:01:36,9,14,0,23
2025-02-21T23:33:07,9,14,0,23
2025-02-22T00:04:47,9,14,0,23
2025-02-22T00:36:21,9,14,0,23
2025-02-22T01:07:55,9,14,0,23
2025-02-22T01:39:29,9,14,0,23
2025-02-22T02:11:01,9,14,0,23
2025-02-22T02:42:30,9,14,0,23
2025-02-22T03:14:00,9,14,0,23
2025-02-22T03:45:31,9,14,0,23
2025-02-22T16:32:28,9,14,0,23
2025-02-22T17:04:08,9,14,0,23
2025-02-22T17:35:38,9,14,0,23
2025-02-22T18:07:07,9,14,0,23
2025-02-22T18:38:38,9,14,0,23
2025-02-22T19:10:17,9,14,0,23
2025-02-22T19:41:46,9,14,0,23
2025-02-22T20:13:16,9,14,0,23
2025-02-22T20:44:45,9,14,0,23
2025-02-22T21:16:16,9,14,0,23
2025-02-22T21:47:55,9,14,0,23
2025-02-22T22:19:24,9,14,0,23
2025-02-22T22:50:53,9,14,0,23
2025-02-22T23:22:23,9,14,0,23
2025-02-22T23:53:53,9,14,0,23
2025-02-23T00:25:35,9,14,0,23
2025-02-23T00:57:07,9,14,0,23
2025-02-23T01:28:37,9,14,0,23
2025-02-23T02:00:08,9,14,0,23
2025-02-23T02:31:38,9,14,0,23
2025-02-23T03:03:10,9,14,0,23
2025-02-23T03:35:04,9,14,0,23
2025-02-23T04:30:28,9,14,0,23
2025-02-23T05:02:05,9,14,0,23
2025-02-23T05:30:56,9,14,0,23
2025-02-23T06:02:33,9,14,0,23
2025-02-23T06:34:08,9,14,0,23
2025-02-23T07:05:44,9,14,0,23
2025-02-23T07:37:20,9,14,0,23
2025-02-23T08:08:52,9,14,0,23
2025-02-23T08:40:25,9,14,0,23
2025-02-23T09:11:56,9,14,0,23
2025-02-23T09:43:27,9,14,0,23
2025-02-23T10:15:03,9,14,0,23
2025-02-23T10:46:33,9,14,0,23
2025-02-23T11:18:05,9,14,0,23
2025-02-23T11:49:38,9,14,0,23
2025-02-23T12:21:20,9,14,0,23
2025-02-23T12:52:51,9,14,0,23
2025-02-23T13:24:21,9,14,0,23
2025-02-23T13:55:51,9,14,0,23
2025-02-23T14:27:31,9,14,0,23
2025-02-23T14:59:00,9,14,0,23
2025-02-23T15:30:30,9,14,0,23
2025-02-23T16:02:08,9,14,0,23
2025-02-23T16:33:37,9,14,0,23
2025-02-23T17:05:06,9,14,0,23
2025-02-23T17:36:36,9,14,0,23
2025-02-23T18:08:14,9,14,0,23
2025-02-23T18:39:43,9,14,0,23
2025-02-23T19:11:14,9,14,0,23
2025-02-23T19:42:54,9,14,0,23
2025-02-23T20:14:25,9,14,0,23
2025-02-23T20:45:54,9,14,0,23
2025-02-23T21:17:34,9,14,0,23
2025-02-23T21:49:08,9,14,0,23
2025-02-23T22:20:37,9,14,0,23
2025-02-23T22:52:07,9,14,0,23
2025-02-23T23:23:47,9,14,0,23
2025-02-23T23:55:19,9,14,0,23
2025-02-24T00:27:52,9,14,0,23
2025-02-24T00:59:37,9,14,0,23
2025-02-24T01:31:12,9,14,0,23
2025-02-24T02:02:47,9,14,0,23
2025-02-24T02:34:22,9,14,0,23
2025-02-24T03:05:54,9,14,0,23
2025-02-24T03:37:35,9,14,0,23
2025-02-24T04:09:08,9,14,0,23
2025-02-24T04:33:05,9,14,0,23
2025-02-24T05:04:57,9,14,0,23
2025-02-24T05:36:35,9,14,0,23
2025-02-24T06:08:11,9,14,0,23
2025-02-24T06:39:44,9,14,0,23
2025-02-24T07:11:15,9,14,0,23
2025-02-24T07:42:47,9,14,0,23
2025-02-24T08:14:17,9,14,0,23
2025-02-24T08:45:56,9,14,0,23
2025-02-24T09:17:26,9,14,0,23
2025-02-24T09:48:57,9,14,0,23
2025-02-24T10:20:38,9,14,0,23
2025-02-24T10:52:10,9,14,0,23
2025-02-24T11:23:54,9,14,0,23
2025-02-24T11:55:40,9,14,0,23
2025-02-24T12:27:29,9,14,0,23
2025-02-24T12:59:06,9,14,0,23
2025-02-24T13:30:52,9,14,0,23
2025-02-24T14:02:36,9,14,0,23
2025-02-24T14:34:23,9,14,0,23
2025-02-24T15:05:57,9,14,0,23
2025-02-24T15:37:44,9,14,0,23
2025-02-24T16:09:32,9,14,0,23
2025-02-24T16:41:08,9,14,0,23
2025-02-24T17:12:56,10,13,0,23
2025-02-24T17:44:41,10,13,0,23
2025-02-24T18:16:17,10,13,0,23
2025-02-24T18:48:04,11,12,0,23
2025-02-24T19:19:39,11,12,0,23
2025-02-24T19:51:25,11,12,0,23
2025-02-24T20:23:00,11,12,0,23
2025-02-24T20:54:35,11,12,0,23
2025-02-24T21:26:24,11,12,0,23
2025-02-24T21:58:00,11,12,0,23
2025-02-24T22:29:47,11,12,0,23
2025-02-24T23:01:22,11,12,0,23
2025-02-24T23:32:59,11,12,0,23
2025-02-25T00:04:45,11,12,0,23
2025-02-25T00:36:26,11,12,0,23
2025-02-25T01:08:06,11,12,0,23
2025-02-25T01:39:52,11,12,0,23
2025-02-25T02:11:41,11,12,0,23
2025-02-25T02:43:22,11,12,0,23
2025-02-25T03:14:59,11,12,0,23
2025-02-25T03:46:36,11,12,0,23
2025-02-25T04:25:11,11,12,0,23
2025-02-25T04:56:54,11,12,0,23
2025-02-25T05:28:39,11,12,0,23
2025-02-25T06:00:21,11,12,0,23
2025-02-25T06:32:00,11,12,0,23
2025-02-25T07:03:43,11,12,0,23
2025-02-25T07:35:22,11,12,0,23
2025-02-25T08:07:14,11,12,0,23
2025-02-25T08:38:51,11,12,0,23
2025-02-25T09:10:28,11,12,0,23
2025-02-25T09:42:18,11,12,0,23
2025-02-25T10:13:55,11,12,0,23
2025-02-25T10:45:49,11,12,0,23
2025-02-25T11:17:26,11,12,0,23
2025-02-25T11:49:14,11,12,0,23
2025-02-25T12:21:01,11,12,0,23
2025-02-25T12:52:57,11,12,0,23
2025-02-25T13:24:43,11,12,0,23
2025-02-25T13:56:38,11,12,0,23
2025-02-25T14:28:19,11,12,0,23
2025-02-25T15:00:06,11,12,0,23
2025-02-25T15:32:04,11,12,0,23
2025-02-25T16:03:56,11,12,0,23
2025-02-25T16:35:40,11,12,0,23
2025-02-25T17:07:32,11,12,0,23
2025-02-25T17:39:33,11,12,0,23
2025-02-25T18:11:25,11,12,0,23
2025-02-25T18:43:05,11,12,0,23
2025-02-25T19:14:55,11,12,0,23
2025-02-25T19:46:35,11,12,0,23
2025-02-25T20:18:26,11,12,0,23
2025-02-25T20:50:06,11,12,0,23
2025-02-25T21:21:59,11,12,0,23
2025-02-25T21:53:42,11,12,0,23
2025-02-25T22:25:33,11,12,0,23
2025-02-25T22:57:13,11,12,0,23
2025-02-25T23:28:56,11,12,0,23
2025-02-26T00:00:47,11,12,0,23
2025-02-26T00:32:29,11,12,0,23
2025-02-26T01:04:14,11,12,0,23
2025-02-26T01:36:07,11,12,0,23
2025-02-26T02:07:56,11,12,0,23
2025-02-26T02:39:41,11,12,0,23
2025-02-26T03:11:26,11,12,0,23
2025-02-26T03:43:11,11,12,0,23
2025-02-26T04:15:05,11,12,0,23
2025-02-26T04:35:05,11,12,0,23
2025-02-26T05:06:51,11,12,0,23
2025-02-26T05:38:47,11,12,0,23
2025-02-26T06:10:31,11,12,0,23
2025-02-26T06:42:15,11,12,0,23
2025-02-26T07:13:57,11,12,0,23
2025-02-26T07:45:37,11,12,0,23
2025-02-26T08:17:17,11,12,0,23
2025-02-26T08:49:07,11,12,0,23
2025-02-26T09:20:49,11,12,0,23
2025-02-26T09:52:43,11,12,0,23
2025-02-26T10:24:26,11,12,0,23
2025-02-26T10:56:18,11,12,0,23
2025-02-26T11:28:10,10,13,0,23
2025-02-26T11:59:51,10,13,0,23
2025-02-26T12:31:49,10,13,0,23
2025-02-26T13:03:42,10,13,0,23
2025-02-26T13:35:26,11,12,0,23
2025-02-26T14:07:18,12,11,0,23
2025-02-26T14:39:12,13,10,0,23
2025-02-26T15:11:08,13,10,0,23
2025-02-26T15:42:56,13,10,0,23
2025-02-26T16:14:57,13,10,0,23
2025-02-26T16:46:54,14,9,0,23
2025-02-26T17:18:50,14,9,0,23
2025-02-26T17:50:36,15,8,0,23
2025-02-26T18:22:34,16,7,0,23
2025-02-26T18:54:27,16,7,0,23
2025-02-26T19:26:09,16,7,0,23
2025-02-26T19:58:02,16,7,0,23
2025-02-26T20:29:44,16,7,0,23
2025-02-26T21:01:37,16,7,0,23
2025-02-26T21:33:22,16,7,0,23
2025-02-26T22:05:15,16,7,0,23
2025-02-26T22:36:57,16,7,0,23
2025-02-26T23:08:40,16,7,0,23
2025-02-26T23:40:34,16,7,0,23
2025-02-27T00:12:17,16,7,0,23
2025-02-27T00:44:13,16,7,0,23
2025-02-27T01:15:59,16,7,0,23
2025-02-27T01:47:44,16,7,0,23
2025-02-27T02:19:32,16,7,0,23
2025-02-27T02:51:15,16,7,0,23
2025-02-27T03:22:59,16,7,0,23
2025-02-27T03:54:54,16,7,0,23
2025-02-27T04:31:23,16,7,0,23
2025-02-27T05:04:37,16,7,0,23
2025-02-27T05:36:46,16,7,0,23
2025-02-27T06:08:33,16,7,0,23
2025-02-27T06:40:22,16,7,0,23
2025-02-27T07:12:08,17,6,0,23
2025-02-27T07:44:00,17,6,0,23
2025-02-27T08:15:46,17,6,0,23
2025-02-27T08:47:29,17,6,0,23
2025-02-27T09:19:23,17,6,0,23
2025-02-27T09:51:07,18,5,0,23
2025-02-27T10:23:03,18,5,0,23
2025-02-27T10:54:47,18,5,0,23
2025-02-27T11:26:46,18,5,0,23
2025-02-27T11:58:39,18,5,0,23
2025-02-27T12:30:37,18,5,0,23
2025-02-27T13:02:34,19,4,0,23
2025-02-27T13:34:20,19,4,0,23
2025-02-27T14:06:16,19,4,0,23
2025-02-27T14:38:17,19,4,0,23
2025-02-27T15:10:19,19,4,0,23
2025-02-27T15:42:20,19,4,0,23
2025-02-27T16:14:11,19,4,0,23
2025-02-27T16:46:14,19,4,0,23
2025-02-27T17:18:16,19,4,0,23
2025-02-27T17:50:16,19,4,0,23
2025-02-27T18:22:06,20,3,0,23
2025-02-27T18:54:04,20,3,0,23
2025-02-27T19:26:02,20,3,0,23
2025-02-27T19:57:50,20,3,0,23
2025-02-27T20:29:48,20,3,0,23
2025-02-27T21:01:37,20,3,0,23
2025-02-27T21:33:36,20,3,0,23
2025-02-27T22:05:24,20,3,0,23
2025-02-27T22:37:24,20,3,0,23
2025-02-27T23:09:13,20,3,0,23
2025-02-27T23:41:03,20,3,0,23
2025-02-28T00:13:02,20,3,0,23
2025-02-28T00:44:54,20,3,0,23
2025-02-28T01:16:46,20,3,0,23
2025-02-28T01:48:39,20,3,0,23
2025-02-28T02:20:42,20,3,0,23
2025-02-28T02:52:32,20,3,0,23
2025-02-28T03:24:22,20,3,0,23
2025-02-28T03:56:11,20,3,0,23
2025-02-28T04:34:53,20,3,0,23
2025-02-28T05:06:49,20,3,0,23
2025-02-28T05:38:44,20,3,0,23
2025-02-28T06:10:37,20,3,0,23
2025-02-28T06:42:32,20,3,0,23
2025-02-28T07:14:23,20,3,0,23
2025-02-28T07:46:13,20,3,0,23
2025-02-28T08:18:14,20,3,0,23
2025-02-28T08:50:05,20,3,0,23
2025-02-28T09:21:56,20,3,0,23
2025-02-28T09:53:56,20,3,0,23
2025-02-28T10:25:48,20,3,0,23
2025-02-28T10:57:49,20,3,0,23
2025-02-28T11:29:51,20,3,0,23
2025-02-28T12:01:55,20,3,0,23
2025-02-28T12:33:47,20,3,0,23
2025-02-28T13:05:50,20,3,0,23
2025-02-28T13:37:52,20,3,0,23
2025-02-28T14:09:55,20,3,0,23
2025-02-28T14:41:58,20,3,0,23
2025-02-28T15:13:53,20,3,0,23
2025-02-28T15:45:56,20,3,0,23
2025-02-28T16:15:49,20,3,0,23
2025-02-28T16:47:46,20,3,0,23
2025-02-28T17:19:47,20,3,0,23
2025-02-28T17:51:37,20,3,0,23
2025-02-28T18:23:38,20,3,0,23
2025-02-28T18:55:28,20,3,0,23
2025-02-28T19:27:25,20,3,0,23
2025-02-28T19:59:14,20,3,0,23
2025-02-28T20:31:11,20,3,0,23
2025-02-28T21:03:00,20,3,0,23
2025-02-28T21:34:51,20,3,0,23
2025-02-28T22:06:49,20,3,0,23
2025-02-28T22:38:37,20,3,0,23
2025-02-28T23:10:35,20,3,0,23
2025-02-28T23:42:26,20,3,0,23
2025-03-01T00:14:20,20,3,0,23
2025-03-01T00:46:28,20,3,0,23
2025-03-01T01:18:23,20,3,0,23
2025-03-01T01:50:18,20,3,0,23
2025-03-01T02:22:09,20,3,0,23
2025-03-01T02:53:59,20,3,0,23
2025-03-01T03:25:49,20,3,0,23
2025-03-01T03:57:54,20,3,0,23
2025-03-01T04:34:55,20,3,0,23
2025-03-01T05:06:53,20,3,0,23
2025-03-01T05:38:48,20,3,0,23
2025-03-01T06:10:42,20,3,0,23
2025-03-01T06:42:37,20,3,0,23
2025-03-01T07:14:32,20,3,0,23
2025-03-01T07:46:37,20,3,0,23
2025-03-01T08:18:32,20,3,0,23
2025-03-01T08:50:25,20,3,0,23
2025-03-01T09:22:14,20,3,0,23
2025-03-01T09:54:13,20,3,0,23
2025-03-01T10:26:02,20,3,0,23
2025-03-01T10:57:53,20,3,0,23
2025-03-01T11:29:53,20,3,0,23
2025-03-01T12:01:42,20,3,0,23
2025-03-01T12:33:31,20,3,0,23
2025-03-01T13:05:29,20,3,0,23
2025-03-01T13:37:18,20,3,0,23
2025-03-01T14:09:07,20,3,0,23
2025-03-01T14:41:05,20,3,0,23
2025-03-01T15:12:54,20,3,0,23
2025-03-01T15:44:43,20,3,0,23
2025-03-01T16:16:41,20,3,0,23
2025-03-01T16:48:29,20,3,0,23
2025-03-01T17:20:28,20,3,0,23
2025-03-01T17:52:18,20,3,0,23
2025-03-01T18:24:06,20,3,0,23
2025-03-01T18:55:55,20,3,0,23
2025-03-01T19:27:53,20,3,0,23
2025-03-01T19:59:41,20,3,0,23
2025-03-01T20:31:29,20,3,0,23
2025-03-01T21:03:18,20,3,0,23
2025-03-01T21:35:15,20,3,0,23
2025-03-01T22:07:05,20,3,0,23
2025-03-01T22:38:55,20,3,0,23
2025-03-01T23:10:45,20,3,0,23
2025-03-01T23:42:35,20,3,0,23
2025-03-02T00:14:34,20,3,0,23
2025-03-02T00:46:28,20,3,0,23
2025-03-02T01:18:21,20,3,0,23
2025-03-02T01:50:14,20,3,0,23
2025-03-02T02:22:11,20,3,0,23
2025-03-02T02:54:04,20,3,0,23
2025-03-02T03:25:57,20,3,0,23
2025-03-02T03:57:49,20,3,0,23
2025-03-02T04:31:51,20,3,0,23
2025-03-02T05:03:47,20,3,0,23
2025-03-02T05:35:43,20,3,0,23
2025-03-02T06:07:36,20,3,0,23
2025-03-02T06:39:32,20,3,0,23
2025-03-02T07:11:25,20,3,0,23
2025-03-02T07:43:18,20,3,0,23
2025-03-02T08:15:09,20,3,0,23
2025-03-02T08:47:11,20,3,0,23
2025-03-02T09:19:03,20,3,0,23
2025-03-02T09:50:55,20,3,0,23
2025-03-02T10:22:49,20,3,0,23
2025-03-02T10:54:41,20,3,0,23
2025-03-02T11:26:42,20,3,0,23
2025-03-02T11:58:33,20,3,0,23
2025-03-02T12:30:23,20,3,0,23
2025-03-02T13:02:14,20,3,0,23
2025-03-02T13:34:11,20,3,0,23
2025-03-02T14:06:01,20,3,0,23
2025-03-02T14:37:51,20,3,0,23
2025-03-02T15:09:42,20,3,0,23
2025-03-02T15:41:41,20,3,0,23
2025-03-02T16:13:32,20,3,0,23
2025-03-02T16:45:20,20,3,0,23
2025-03-02T17:17:22,20,3,0,23
2025-03-02T17:49:11,20,3,0,23
2025-03-02T18:21:00,20,3,0,23
2025-03-02T18:52:50,20,3,0,23
2025-03-02T19:24:46,20,3,0,23
2025-03-02T19:56:35,20,3,0,23
2025-03-02T20:28:24,20,3,0,23
2025-03-02T21:00:22,20,3,0,23
2025-03-02T21:32:17,20,3,0,23
2025-03-02T22:04:10,20,3,0,23
2025-03-02T22:36:08,20,3,0,23
2025-03-02T23:07:57,20,3,0,23
2025-03-02T23:39:47,20,3,0,23
2025-03-03T00:11:37,21,2,0,23
2025-03-03T00:43:40,21,2,0,23
2025-03-03T01:15:32,21,2,0,23
2025-03-03T01:47:22,21,2,0,23
2025-03-03T02:19:14,21,2,0,23
2025-03-03T02:51:08,21,2,0,23
2025-03-03T03:23:09,21,2,0,23
2025-03-03T03:55:15,21,2,0,23
2025-03-03T04:35:50,21,2,0,23
2025-03-03T05:07:47,21,2,0,23
2025-03-03T05:39:45,21,2,0,23
2025-03-03T06:11:41,21,2,0,23
2025-03-03T06:43:34,21,2,0,23
2025-03-03T07:15:36,21,2,0,23
2025-03-03T07:47:25,21,2,0,23
2025-03-03T08:19:26,21,2,0,23
2025-03-03T08:51:17,21,2,0,23
2025-03-03T09:23:09,21,2,0,23
2025-03-03T09:54:58,21,2,0,23
2025-03-03T10:26:58,21,2,0,23
2025-03-03T10:58:48,21,2,0,23
2025-03-03T11:30:48,21,2,0,23
2025-03-03T12:02:54,21,2,0,23
2025-03-03T12:35:02,21,2,0,23
2025-03-03T13:06:55,21,2,0,23
2025-03-03T13:38:55,21,2,0,23
2025-03-03T14:10:46,21,2,0,23
2025-03-03T14:42:52,21,2,0,23
2025-03-03T15:14:43,21,2,0,23
2025-03-03T15:46:47,21,2,0,23
2025-03-03T16:18:37,21,2,0,23
2025-03-03T16:50:37,21,2,0,23
2025-03-03T17:22:29,21,2,0,23
2025-03-03T17:54:29,21,2,0,23
2025-03-03T18:26:19,21,2,0,23
2025-03-03T18:58:10,21,2,0,23
2025-03-03T19:30:10,21,2,0,23
2025-03-03T20:02:00,21,2,0,23
2025-03-03T20:33:50,21,2,0,23
2025-03-03T21:05:50,21,2,0,23
2025-03-03T21:37:41,21,2,0,23
2025-03-03T22:09:31,21,2,0,23
2025-03-03T22:41:34,21,2,0,23
2025-03-03T23:13:24,21,2,0,23
2025-03-03T23:45:15,21,2,0,23
2025-03-04T00:17:16,21,2,0,23
2025-03-04T00:49:12,20,3,0,23
2025-03-04T01:21:07,20,3,0,23
2025-03-04T01:53:03,20,3,0,23
2025-03-04T02:24:58,20,3,0,23
2025-03-04T02:57:00,20,3,0,23
2025-03-04T03:28:52,20,3,0,23
2025-03-04T04:00:43,20,3,0,23
2025-03-04T04:29:35,20,3,0,23
2025-03-04T05:01:51,20,3,0,23
2025-03-04T05:33:47,20,3,0,23
2025-03-04T06:05:42,20,3,0,23
2025-03-04T06:37:36,20,3,0,23
2025-03-04T07:09:32,20,3,0,23
2025-03-04T07:41:24,20,3,0,23
2025-03-04T08:13:25,20,3,0,23
2025-03-04T08:45:18,20,3,0,23
2025-03-04T09:17:09,20,3,0,23
2025-03-04T09:49:00,20,3,0,23
2025-03-04T10:21:10,20,3,0,23
2025-03-04T10:53:04,21,2,0,23
2025-03-04T11:25:12,21,2,0,23
2025-03-04T11:57:07,21,2,0,23
2025-03-04T12:29:15,21,2,0,23
2025-03-04T13:01:08,21,2,0,23
2025-03-04T13:33:13,21,2,0,23
2025-03-04T14:05:18,21,2,0,23
2025-03-04T14:37:11,21,2,0,23
2025-03-04T15:09:17,21,2,0,23
2025-03-04T15:41:11,21,2,0,23
2025-03-04T16:13:14,21,2,0,23
2025-03-04T16:45:05,21,2,0,23
2025-03-04T17:17:10,21,2,0,23
2025-03-04T17:49:02,21,2,0,23
2025-03-04T18:21:05,21,2,0,23
2025-03-04T18:52:57,21,2,0,23
2025-03-04T19:24:59,21,2,0,23
2025-03-04T19:56:50,21,2,0,23
2025-03-04T20:28:42,21,2,0,23
2025-03-04T21:00:43,21,2,0,23
2025-03-04T21:32:38,21,2,0,23
2025-03-04T22:04:33,21,2,0,23
2025-03-04T22:36:36,21,2,0,23
2025-03-04T23:08:29,21,2,0,23
2025-03-04T23:40:21,21,2,0,23
2025-03-05T00:12:15,21,2,0,23
2025-03-05T00:44:21,21,2,0,23
2025-03-05T01:16:18,21,2,0,23
2025-03-05T01:48:15,21,2,0,23
2025-03-05T02:20:18,21,2,0,23
2025-03-05T02:52:13,21,2,0,23
2025-03-05T03:24:08,21,2,0,23
2025-03-05T03:56:03,21,2,0,23
2025-03-05T04:31:12,21,2,0,23
2025-03-05T05:03:13,21,2,0,23
2025-03-05T05:35:16,21,2,0,23
2025-03-05T06:07:16,21,2,0,23
2025-03-05T06:39:13,21,2,0,23
2025-03-05T07:11:09,21,2,0,23
2025-03-05T07:43:03,21,2,0,23
2025-03-05T08:15:06,21,2,0,23
2025-03-05T08:47:01,21,2,0,23
2025-03-05T09:18:54,21,2,0,23
2025-03-05T09:50:48,21,2,0,23
2025-03-05T10:22:52,21,2,0,23
2025-03-05T10:54:48,21,2,0,23
2025-03-05T11:26:54,21,2,0,23
2025-03-05T11:58:59,21,2,0,23
2025-03-05T12:30:53,21,2,0,23
2025-03-05T13:02:57,21,2,0,23
2025-03-05T13:34:51,21,2,0,23
2025-03-05T14:06:57,21,2,0,23
2025-03-05T14:38:57,21,2,0,23
2025-03-05T15:11:04,21,2,0,23
2025-03-05T15:43:00,21,2,0,23
2025-03-05T16:15:06,21,2,0,23
2025-03-05T16:47:04,21,2,0,23
2025-03-05T17:19:11,22,1,0,23
2025-03-05T17:51:06,22,1,0,23
2025-03-05T18:23:10,22,1,0,23
2025-03-05T18:55:07,22,1,0,23
2025-03-05T19:27:01,22,1,0,23
2025-03-05T19:58:56,22,1,0,23
2025-03-05T20:31:08,22,1,0,23
2025-03-05T21:03:03,22,1,0,23
2025-03-05T21:34:57,22,1,0,23
2025-03-05T22:07:02,22,1,0,23
2025-03-05T22:38:57,22,1,0,23
2025-03-05T23:10:53,22,1,0,23
2025-03-05T23:42:49,22,1,0,23
2025-03-06T00:14:44,22,1,0,23
2025-03-06T00:46:53,22,1,0,23
2025-03-06T01:18:54,22,1,0,23
2025-03-06T01:50:53,22,1,0,23
2025-03-06T02:22:51,22,1,0,23
2025-03-06T02:54:48,22,1,0,23
2025-03-06T03:26:44,22,1,0,23
2025-03-06T03:58:41,22,1,0,23
2025-03-06T04:31:39,22,1,0,23
2025-03-06T05:03:41,22,1,0,23
2025-03-06T05:35:49,22,1,0,23
2025-03-06T06:07:49,22,1,0,23
2025-03-06T06:39:53,22,1,0,23
2025-03-06T07:11:53,22,1,0,23
2025-03-06T07:44:02,22,1,0,23
2025-03-06T08:15:59,22,1,0,23
2025-03-06T08:47:56,22,1,0,23
2025-03-06T09:19:53,22,1,0,23
2025-03-06T09:51:52,22,1,0,23
2025-03-06T10:24:00,22,1,0,23
2025-03-06T10:55:58,22,1,0,23
2025-03-06T11:28:07,22,1,0,23
2025-03-06T12:00:06,22,1,0,23
2025-03-06T12:32:02,22,1,0,23
2025-03-06T13:04:09,22,1,0,23
2025-03-06T13:36:05,22,1,0,23
2025-03-06T14:08:13,22,1,0,23
2025-03-06T14:40:26,22,1,0,23
2025-03-06T15:12:37,22,1,0,23
2025-03-06T15:44:50,22,1,0,23
2025-03-06T16:17:03,22,1,0,23
2025-03-06T16:49:25,22,1,0,23
2025-03-06T17:21:39,22,1,0,23
2025-03-06T17:54:00,22,1,0,23
2025-03-06T18:26:18,22,1,0,23
2025-03-06T18:58:31,22,1,0,23
2025-03-06T19:30:53,22,1,0,23
2025-03-06T20:03:05,22,1,0,23
2025-03-06T20:35:18,22,1,0,23
2025-03-06T21:07:31,22,1,0,23
2025-03-06T21:39:55,22,1,0,23
2025-03-06T22:12:08,22,1,0,23
2025-03-06T22:44:22,22,1,0,23
2025-03-06T23:16:48,22,1,0,23
2025-03-06T23:49:03,22,1,0,23
2025-03-07T00:21:17,22,1,0,23
2025-03-07T00:53:38,22,1,0,23
2025-03-07T01:25:57,22,1,0,23
2025-03-07T01:58:25,22,1,0,23
2025-03-07T02:30:43,22,1,0,23
2025-03-07T03:03:02,22,1,0,23
2025-03-07T03:35:21,22,1,0,23
2025-03-07T04:07:43,22,1,0,23
2025-03-07T04:27:54,22,1,0,23
2025-03-07T05:00:15,22,1,0,23
2025-03-07T05:32:38,22,1,0,23
2025-03-07T06:04:58,22,1,0,23
2025-03-07T06:37:25,22,1,0,23
2025-03-07T07:09:51,22,1,0,23
2025-03-07T07:42:06,22,1,0,23
2025-03-07T08:14:20,22,1,0,23
2025-03-07T08:46:42,22,1,0,23
2025-03-07T09:18:55,22,1,0,23
2025-03-07T09:51:09,22,1,0,23
2025-03-07T10:23:40,22,1,0,23
2025-03-07T10:55:53,22,1,0,23
2025-03-07T11:28:10,22,1,0,23
2025-03-07T12:00:33,22,1,0,23
2025-03-07T12:32:48,22,1,0,23
2025-03-07T13:05:02,22,1,0,23
2025-03-07T13:37:26,22,1,0,23
2025-03-07T14:09:41,22,1,0,23
2025-03-07T14:42:09,22,1,0,23
2025-03-07T15:14:25,22,1,0,23
2025-03-07T15:46:41,22,1,0,23
2025-03-07T16:19:08,22,1,0,23
2025-03-07T16:51:26,22,1,0,23
2025-03-07T17:23:42,22,1,0,23
2025-03-07T17:56:10,22,1,0,23
2025-03-07T18:28:25,22,1,0,23
2025-03-07T19:00:40,22,1,0,23
2025-03-07T19:33:03,22,1,0,23
2025-03-07T20:05:18,22,1,0,23
2025-03-07T20:37:33,22,1,0,23
2025-03-07T21:09:48,22,1,0,23
2025-03-07T21:42:11,22,1,0,23
2025-03-07T22:14:27,22,1,0,23
2025-03-07T22:46:44,22,1,0,23
2025-03-07T23:19:02,22,1,0,23
2025-03-07T23:51:19,22,1,0,23
2025-03-08T00:23:55,22,1,0,23
2025-03-08T00:56:15,22,1,0,23
2025-03-08T01:28:34,22,1,0,23
2025-03-08T02:00:51,22,1,0,23
2025-03-08T02:33:07,22,1,0,23
2025-03-08T03:05:24,22,1,0,23
2025-03-08T03:37:40,22,1,0,23
2025-03-08T04:12:16,22,1,0,23
2025-03-08T04:31:56,22,1,0,23
2025-03-08T05:04:19,22,1,0,23
2025-03-08T05:36:39,22,1,0,23
2025-03-08T06:08:59,22,1,0,23
2025-03-08T06:41:17,22,1,0,23
2025-03-08T07:13:37,22,1,0,23
2025-03-08T07:45:58,22,1,0,23
2025-03-08T08:18:26,22,1,0,23
2025-03-08T08:50:46,22,1,0,23
2025-03-08T09:23:05,22,1,0,23
2025-03-08T09:55:22,22,1,0,23
2025-03-08T10:27:38,22,1,0,23
2025-03-08T10:59:53,22,1,0,23
2025-03-08T11:32:21,22,1,0,23
2025-03-08T12:04:36,22,1,0,23
2025-03-08T12:36:52,22,1,0,23
2025-03-08T13:09:07,22,1,0,23
2025-03-08T13:41:22,22,1,0,23
2025-03-08T14:13:38,22,1,0,23
2025-03-08T14:46:02,22,1,0,23
2025-03-08T15:18:17,22,1,0,23
2025-03-08T15:50:32,22,1,0,23
2025-03-08T16:22:48,22,1,0,23
2025-03-08T16:55:12,22,1,0,23
2025-03-08T17:27:27,22,1,0,23
2025-03-08T17:59:44,22,1,0,23
2025-03-08T18:32:00,22,1,0,23
2025-03-08T19:04:14,22,1,0,23
2025-03-08T19:36:40,22,1,0,23
2025-03-08T20:08:55,22,1,0,23
2025-03-08T20:41:10,22,1,0,23
2025-03-08T21:13:25,22,1,0,23
2025-03-08T21:45:50,22,1,0,23
2025-03-08T22:18:05,22,1,0,23
2025-03-08T22:50:21,22,1,0,23
2025-03-08T23:22:39,22,1,0,23
2025-03-08T23:54:56,22,1,0,23
2025-03-09T00:27:24,22,1,0,23
2025-03-09T00:59:41,22,1,0,23
2025-03-09T01:31:57,22,1,0,23
2025-03-09T03:04:13,22,1,0,23
2025-03-09T03:36:28,22,1,0,23
2025-03-09T04:10:53,22,1,0,23
2025-03-09T04:34:30,22,1,0,23
2025-03-09T05:07:08,22,1,0,23
2025-03-09T05:39:30,22,1,0,23
2025-03-09T06:11:52,22,1,0,23
2025-03-09T06:44:15,22,1,0,23
2025-03-09T07:16:37,22,1,0,23
2025-03-09T07:48:57,22,1,0,23
2025-03-09T08:21:18,22,1,0,23
2025-03-09T08:53:37,22,1,0,23
2025-03-09T09:26:05,22,1,0,23
2025-03-09T09:58:24,22,1,0,23
2025-03-09T10:30:45,22,1,0,23
2025-03-09T11:03:05,22,1,0,23
2025-03-09T11:35:24,22,1,0,23
2025-03-09T12:07:40,22,1,0,23
2025-03-09T12:40:07,22,1,0,23
2025-03-09T13:12:23,22,1,0,23
2025-03-09T13:44:38,22,1,0,23
2025-03-09T14:16:53,22,1,0,23
2025-03-09T14:49:08,22,1,0,23
2025-03-09T15:21:33,22,1,0,23
2025-03-09T15:53:48,22,1,0,23
2025-03-09T16:26:03,22,1,0,23
2025-03-09T16:58:18,22,1,0,23
2025-03-09T17:30:43,22,1,0,23
2025-03-09T18:03:00,22,1,0,23
2025-03-09T18:35:20,22,1,0,23
2025-03-09T19:07:37,22,1,0,23
2025-03-09T19:40:05,22,1,0,23
2025-03-09T20:12:22,22,1,0,23
2025-03-09T20:44:37,22,1,0,23
2025-03-09T21:16:53,22,1,0,23
2025-03-09T21:49:19,22,1,0,23
2025-03-09T22:21:38,22,1,0,23
2025-03-09T22:54:01,22,1,0,23
2025-03-09T23:26:28,22,1,0,23
2025-03-09T23:58:45,22,1,0,23
2025-03-10T00:31:02,22,1,0,23
2025-03-10T01:03:22,22,1,0,23
2025-03-10T01:35:42,22,1,0,23
2025-03-10T02:08:10,22,1,0,23
2025-03-10T02:40:29,22,1,0,23
2025-03-10T03:12:47,22,1,0,23
2025-03-10T03:45:05,22,1,0,23
2025-03-10T04:35:16,22,1,0,23
2025-03-10T05:09:21,22,1,0,23
2025-03-10T05:41:43,22,1,0,23
2025-03-10T06:14:05,22,1,0,23
2025-03-10T06:46:33,22,1,0,23
2025-03-10T07:18:50,22,1,0,23
2025-03-10T07:51:06,22,1,0,23
2025-03-10T08:23:22,22,1,0,23
2025-03-10T08:55:51,22,1,0,23
2025-03-10T09:28:25,22,1,0,23
2025-03-10T10:00:42,22,1,0,23
2025-03-10T10:33:01,22,1,0,23
2025-03-10T11:05:34,22,1,0,23
2025-03-10T11:37:52,22,1,0,23
2025-03-10T12:10:21,22,1,0,23
2025-03-10T12:42:41,22,1,0,23
2025-03-10T13:15:08,22,1,0,23
2025-03-10T13:47:26,22,1,0,23
2025-03-10T14:19:54,22,1,0,23
2025-03-10T14:52:12,22,1,0,23
2025-03-10T15:24:42,22,1,0,23
2025-03-10T15:56:59,22,1,0,23
2025-03-10T16:29:27,22,1,0,23
2025-03-10T17:01:44,22,1,0,23
2025-03-10T17:34:01,22,1,0,23
2025-03-10T18:06:29,22,1,0,23
2025-03-10T18:38:46,22,1,0,23
2025-03-10T19:11:13,22,1,0,23
2025-03-10T19:43:31,22,1,0,23
2025-03-10T20:15:47,22,1,0,23
2025-03-10T20:48:13,22,1,0,23
2025-03-10T21:20:31,22,1,0,23
2025-03-10T21:52:47,22,1,0,23
2025-03-10T22:25:04,22,1,0,23
2025-03-10T22:57:34,22,1,0,23
2025-03-10T23:29:55,22,1,0,23
2025-03-11T00:02:25,22,1,0,23
2025-03-11T00:34:51,22,1,0,23
2025-03-11T01:07:14,22,1,0,23
2025-03-11T01:39:34,22,1,0,23
2025-03-11T02:11:54,22,1,0,23
2025-03-11T02:44:14,22,1,0,23
2025-03-11T03:16:42,22,1,0,23
2025-03-11T03:49:02,22,1,0,23
2025-03-11T04:29:19,22,1,0,23
2025-03-11T05:02:01,22,1,0,23
2025-03-11T05:34:25,22,1,0,23
2025-03-11T06:06:50,22,1,0,23
2025-03-11T06:39:11,22,1,0,23
2025-03-11T07:11:33,22,1,0,23
2025-03-11T07:43:57,22,1,0,23
2025-03-11T08:16:17,22,1,0,23
2025-03-11T08:48:43,22,1,0,23
2025-03-11T09:21:00,22,1,0,23
2025-03-11T09:53:19,22,1,0,23
2025-03-11T10:25:37,22,1,0,23
2025-03-11T10:58:06,22,1,0,23
2025-03-11T11:30:24,22,1,0,23
2025-03-11T12:02:42,22,1,0,23
2025-03-11T12:35:11,22,1,0,23
2025-03-11T13:07:30,22,1,0,23
2025-03-11T13:40:00,22,1,0,23
2025-03-11T14:12:19,22,1,0,23
2025-03-11T14:44:46,22,1,0,23
2025-03-11T15:17:05,22,1,0,23
2025-03-11T15:49:35,22,1,0,23
2025-03-11T16:21:54,22,1,0,23
2025-03-11T16:54:22,22,1,0,23
2025-03-11T17:26:41,22,1,0,23
2025-03-11T17:58:59,22,1,0,23
2025-03-11T18:31:28,22,1,0,23
2025-03-11T19:03:46,22,1,0,23
2025-03-11T19:36:04,22,1,0,23
2025-03-11T20:08:32,22,1,0,23
2025-03-11T20:40:49,22,1,0,23
2025-03-11T21:13:07,22,1,0,23
2025-03-11T21:45:25,22,1,0,23
2025-03-11T22:17:52,22,1,0,23
2025-03-11T22:50:11,22,1,0,23
2025-03-11T23:22:33,22,1,0,23
2025-03-11T23:55:53,22,1,0,23
2025-03-12T00:28:16,22,1,0,23
2025-03-12T01:00:41,22,1,0,23
2025-03-12T01:33:04,22,1,0,23
2025-03-12T02:05:39,22,1,0,23
2025-03-12T02:37:59,22,1,0,23
2025-03-12T03:10:21,22,1,0,23
2025-03-12T03:42:44,22,1,0,23
2025-03-12T04:27:27,22,1,0,23
2025-03-12T05:01:28,22,1,0,23
2025-03-12T05:33:52,22,1,0,23
2025-03-12T06:06:15,22,1,0,23
2025-03-12T06:38:40,22,1,0,23
2025-03-12T07:11:02,22,1,0,23
2025-03-12T07:43:23,22,1,0,23
2025-03-12T08:15:41,22,1,0,23
2025-03-12T08:48:02,22,1,0,23
2025-03-12T09:20:30,22,1,0,23
2025-03-12T09:52:47,22,1,0,23
2025-03-12T10:25:05,22,1,0,23
2025-03-12T10:57:22,22,1,0,23
2025-03-12T11:29:54,22,1,0,23
2025-03-12T12:02:14,22,1,0,23
2025-03-12T12:34:43,22,1,0,23
2025-03-12T13:07:03,22,1,0,23
2025-03-12T13:39:35,22,1,0,23
2025-03-12T14:11:58,22,1,0,23
2025-03-12T14:44:20,22,1,0,23
2025-03-12T15:16:51,22,1,0,23
2025-03-12T15:49:11,22,1,0,23
2025-03-12T16:21:41,22,1,0,23
2025-03-12T16:54:01,22,1,0,23
2025-03-12T17:26:33,22,1,0,23
2025-03-12T17:58:52,22,1,0,23
2025-03-12T18:31:13,22,1,0,23
2025-03-12T19:03:47,22,1,0,23
2025-03-12T19:36:06,22,1,0,23
2025-03-12T20:08:26,22,1,0,23
2025-03-12T20:40:45,22,1,0,23
2025-03-12T21:13:14,22,1,0,23
2025-03-12T21:45:34,22,1,0,23
2025-03-12T22:17:53,22,1,0,23
2025-03-12T22:50:15,22,1,0,23
2025-03-12T23:22:49,22,1,0,23
2025-03-12T23:55:10,22,1,0,23
2025-03-13T00:27:33,22,1,0,23
2025-03-13T00:59:59,22,1,0,23
2025-03-13T01:32:34,22,1,0,23
2025-03-13T02:04:58,22,1,0,23
2025-03-13T02:37:19,22,1,0,23
2025-03-13T03:09:40,22,1,0,23
2025-03-13T03:42:04,22,1,0,23
2025-03-13T04:14:28,22,1,0,23
2025-03-13T04:35:13,22,1,0,23
2025-03-13T05:09:23,22,1,0,23
2025-03-13T05:41:49,22,1,0,23
2025-03-13T06:14:15,22,1,0,23
2025-03-13T06:46:42,22,1,0,23
2025-03-13T07:19:05,22,1,0,23
2025-03-13T07:51:26,22,1,0,23
2025-03-13T08:23:48,22,1,0,23
2025-03-13T08:56:11,22,1,0,23
2025-03-13T09:28:39,22,1,0,23
2025-03-13T10:00:58,22,1,0,23
2025-03-13T10:33:18,22,1,0,23
2025-03-13T11:05:38,22,1,0,23
2025-03-13T11:38:10,22,1,0,23
2025-03-13T12:10:32,22,1,0,23
2025-03-13T12:42:54,22,1,0,23
2025-03-13T13:15:24,22,1,0,23
2025-03-13T13:47:45,22,1,0,23
2025-03-13T14:20:17,22,1,0,23
2025-03-13T14:52:38,22,1,0,23
2025-03-13T15:25:09,22,1,0,23
2025-03-13T15:57:29,22,1,0,23
2025-03-13T16:29:59,22,1,0,23
2025-03-13T17:02:19,22,1,0,23
2025-03-13T17:34:41,22,1,0,23
2025-03-13T18:07:13,22,1,0,23
2025-03-13T18:39:33,22,1,0,23
2025-03-13T19:11:54,22,1,0,23
2025-03-13T19:44:24,22,1,0,23
2025-03-13T20:16:44,22,1,0,23
2025-03-13T20:49:04,22,1,0,23
2025-03-13T21:21:34,22,1,0,23
2025-03-13T21:53:54,22,1,0,23
2025-03-13T22:26:14,22,1,0,23
2025-03-13T22:58:35,22,1,0,23
2025-03-13T23:31:06,22,1,0,23
2025-03-14T00:03:26,22,1,0,23
2025-03-14T00:35:53,22,1,0,23
2025-03-14T01:08:20,22,1,0,23
2025-03-14T01:40:55,22,1,0,23
2025-03-14T02:13:19,22,1,0,23
2025-03-14T02:45:47,22,1,0,23
2025-03-14T03:18:11,22,1,0,23
2025-03-14T03:50:35,22,1,0,23
2025-03-14T04:36:12,22,1,0,23
2025-03-14T05:08:40,22,1,0,23
2025-03-14T05:41:08,22,1,0,23
2025-03-14T06:13:35,22,1,0,23
2025-03-14T06:46:00,22,1,0,23
2025-03-14T07:18:24,22,1,0,23
2025-03-14T07:50:44,22,1,0,23
2025-03-14T08:23:05,22,1,0,23
2025-03-14T08:55:25,22,1,0,23
2025-03-14T09:27:55,22,1,0,23
2025-03-14T10:00:16,22,1,0,23
2025-03-14T10:32:36,22,1,0,23
2025-03-14T11:05:10,22,1,0,23
2025-03-14T11:37:30,22,1,0,23
2025-03-14T12:09:49,22,1,0,23
2025-03-14T12:42:21,22,1,0,23
2025-03-14T13:14:41,22,1,0,23
2025-03-14T13:47:15,22,1,0,23
2025-03-14T14:19:35,22,1,0,23
2025-03-14T14:52:08,22,1,0,23
2025-03-14T15:24:29,22,1,0,23
2025-03-14T15:57:01,22,1,0,23
2025-03-14T16:29:24,22,1,0,23
2025-03-14T17:01:46,22,1,0,23
2025-03-14T17:34:19,22,1,0,23
2025-03-14T18:06:41,22,1,0,23
2025-03-14T18:39:12,22,1,0,23
2025-03-14T19:11:34,22,1,0,23
2025-03-14T19:43:55,22,1,0,23
2025-03-14T20:16:27,22,1,0,23
2025-03-14T20:48:50,22,1,0,23
2025-03-14T21:21:11,22,1,0,23
2025-03-14T21:53:42,22,1,0,23
2025-03-14T22:26:04,22,1,0,23
2025-03-14T22:58:27,22,1,0,23
2025-03-14T23:30:52,22,1,0,23
2025-03-15T00:03:27,22,1,0,23
2025-03-15T00:35:52,22,1,0,23
2025-03-15T01:08:18,22,1,0,23
2025-03-15T01:40:44,22,1,0,23
2025-03-15T02:13:19,22,1,0,23
2025-03-15T02:45:40,22,1,0,23
2025-03-15T03:18:02,22,1,0,23
2025-03-15T03:50:26,22,1,0,23
2025-03-15T04:39:58,22,1,0,23
2025-03-15T05:13:31,22,1,0,23
2025-03-15T05:45:59,22,1,0,23
2025-03-15T06:18:24,22,1,0,23
2025-03-15T06:50:52,22,1,0,23
2025-03-15T07:23:24,22,1,0,23
2025-03-15T07:55:50,22,1,0,23
2025-03-15T08:28:19,22,1,0,23
2025-03-15T09:00:45,22,1,0,23
2025-03-15T09:33:11,22,1,0,23
2025-03-15T10:05:51,22,1,0,23
2025-03-15T10:38:13,22,1,0,23
2025-03-15T11:10:35,22,1,0,23
2025-03-15T11:42:58,22,1,0,23
2025-03-15T12:15:32,22,1,0,23
2025-03-15T12:47:54,22,1,0,23
2025-03-15T13:20:16,22,1,0,23
2025-03-15T13:52:37,22,1,0,23
2025-03-15T14:25:18,22,1,0,23
2025-03-15T14:57:40,22,1,0,23
2025-03-15T15:30:14,22,1,0,23
2025-03-15T16:02:35,22,1,0,23
2025-03-15T16:34:57,22,1,0,23
2025-03-15T17:07:18,22,1,0,23
2025-03-15T17:39:49,22,1,0,23
2025-03-15T18:12:11,22,1,0,23
2025-03-15T18:44:32,22,1,0,23
2025-03-15T19:17:11,22,1,0,23
2025-03-15T19:49:32,22,1,0,23
2025-03-15T20:21:54,22,1,0,23
2025-03-15T20:54:15,22,1,0,23
2025-03-15T21:26:45,22,1,0,23
2025-03-15T21:59:06,22,1,0,23
2025-03-15T22:31:28,22,1,0,23
2025-03-15T23:03:53,22,1,0,23
2025-03-15T23:36:35,22,1,0,23
2025-03-16T00:08:57,22,1,0,23
2025-03-16T00:53:31,22,1,0,23
2025-03-16T01:25:57,22,1,0,23
2025-03-16T01:58:23,22,1,0,23
2025-03-16T02:31:17,22,1,0,23
2025-03-16T03:03:43,22,1,0,23
2025-03-16T03:36:09,22,1,0,23
2025-03-16T04:10:12,22,1,0,23
2025-03-16T04:30:34,22,1,0,23
2025-03-16T05:03:04,22,1,0,23
2025-03-16T05:35:32,22,1,0,23
2025-03-16T06:07:59,22,1,0,23
2025-03-16T06:40:27,22,1,0,23
2025-03-16T07:12:51,22,1,0,23
2025-03-16T07:45:14,22,1,0,23
2025-03-16T08:17:43,22,1,0,23
2025-03-16T08:50:09,22,1,0,23
2025-03-16T09:22:33,22,1,0,23
2025-03-16T09:54:56,22,1,0,23
2025-03-16T10:27:17,22,1,0,23
2025-03-16T10:59:40,22,1,0,23
2025-03-16T11:32:04,22,1,0,23
2025-03-16T12:04:43,22,1,0,23
2025-03-16T12:37:07,22,1,0,23
2025-03-16T13:09:28,22,1,0,23
2025-03-16T13:41:59,22,1,0,23
2025-03-16T14:14:20,22,1,0,23
2025-03-16T14:46:41,22,1,0,23
2025-03-16T15:19:01,22,1,0,23
2025-03-16T15:51:33,22,1,0,23
2025-03-16T16:23:55,22,1,0,23
2025-03-16T16:56:16,22,1,0,23
2025-03-16T17:28:47,22,1,0,23
2025-03-16T18:01:08,22,1,0,23
2025-03-16T18:33:29,22,1,0,23
2025-03-16T19:05:51,22,1,0,23
2025-03-16T19:38:21,22,1,0,23
2025-03-16T20:10:43,22,1,0,23
2025-03-16T20:43:06,22,1,0,23
2025-03-16T21:15:42,22,1,0,23
2025-03-16T21:48:07,22,1,0,23
2025-03-16T22:20:31,22,1,0,23
2025-03-16T22:52:59,22,1,0,23
2025-03-16T23:25:33,22,1,0,23
2025-03-16T23:57:58,22,1,0,23
2025-03-17T00:30:31,22,1,0,23
2025-03-17T01:03:10,22,1,0,23
2025-03-17T01:35:40,22,1,0,23
2025-03-17T02:08:08,22,1,0,23
2025-03-17T02:40:45,22,1,0,23
2025-03-17T03:13:09,22,1,0,23
2025-03-17T03:45:34,22,1,0,23
2025-03-17T04:35:59,22,1,0,23
2025-03-17T05:08:29,22,1,0,23
2025-03-17T05:40:58,22,1,0,23
2025-03-17T06:13:25,22,1,0,23
2025-03-17T06:45:53,22,1,0,23
2025-03-17T07:18:20,22,1,0,23
2025-03-17T07:50:53,22,1,0,23
2025-03-17T08:23:16,22,1,0,23
2025-03-17T08:55:41,22,1,0,23
2025-03-17T09:28:03,22,1,0,23
2025-03-17T10:00:26,22,1,0,23
2025-03-17T10:33:00,22,1,0,23
2025-03-17T11:05:23,22,1,0,23
2025-03-17T11:38:00,22,1,0,23
2025-03-17T12:10:24,22,1,0,23
2025-03-17T12:43:13,22,1,0,23
2025-03-17T13:15:37,22,1,0,23
2025-03-17T13:48:16,22,1,0,23
2025-03-17T14:20:41,22,1,0,23
2025-03-17T14:53:17,22,1,0,23
2025-03-17T15:25:44,22,1,0,23
2025-03-17T15:58:19,22,1,0,23
2025-03-17T16:30:43,22,1,0,23
2025-03-17T17:03:17,22,1,0,23
2025-03-17T17:35:43,22,1,0,23
2025-03-17T18:08:17,22,1,0,23
2025-03-17T18:40:41,22,1,0,23
2025-03-17T19:13:05,22,1,0,23
2025-03-17T19:45:40,22,1,0,23
2025-03-17T20:18:05,22,1,0,23
2025-03-17T20:50:28,22,1,0,23
2025-03-17T21:23:01,22,1,0,23
2025-03-17T21:55:25,22,1,0,23
2025-03-17T22:27:49,22,1,0,23
2025-03-17T23:00:27,22,1,0,23
2025-03-17T23:32:53,22,1,0,23
2025-03-18T00:05:18,22,1,0,23
2025-03-18T00:37:48,22,1,0,23
2025-03-18T01:10:30,22,1,0,23
2025-03-18T01:42:57,22,1,0,23
2025-03-18T02:15:23,22,1,0,23
2025-03-18T02:47:48,22,1,0,23
2025-03-18T03:20:17,22,1,0,23
2025-03-18T03:52:41,22,1,0,23
2025-03-18T04:29:19,22,1,0,23
2025-03-18T05:01:51,22,1,0,23
2025-03-18T05:34:21,22,1,0,23
2025-03-18T06:06:49,22,1,0,23
2025-03-18T06:39:21,22,1,0,23
2025-03-18T07:11:48,22,1,0,23
2025-03-18T07:44:36,22,1,0,23
2025-03-18T08:17:01,22,1,0,23
2025-03-18T08:49:28,22,1,0,23
2025-03-18T09:21:54,22,1,0,23
2025-03-18T09:54:18,22,1,0,23
2025-03-18T10:26:52,22,1,0,23
2025-03-18T10:59:26,22,1,0,23
2025-03-18T11:32:07,22,1,0,23
2025-03-18T12:04:44,22,1,0,23
2025-03-18T12:37:25,22,1,0,23
2025-03-18T13:10:14,23,0,0,23
2025-03-18T13:42:59,23,0,0,23
2025-03-18T14:15:32,23,0,0,23
2025-03-18T14:48:10,23,0,0,23
2025-03-18T15:20:35,23,0,0,23
2025-03-18T15:53:11,23,0,0,23
2025-03-18T16:25:46,23,0,0,23
2025-03-18T16:58:12,23,0,0,23
2025-03-18T17:30:39,23,0,0,23
2025-03-18T18:03:23,23,0,0,23
2025-03-18T18:35:48,23,0,0,23
2025-03-18T19:08:14,23,0,0,23
2025-03-18T19:40:50,23,0,0,23
2025-03-18T20:13:20,23,0,0,23
2025-03-18T20:45:45,23,0,0,23
2025-03-18T21:18:22,23,0,0,23
2025-03-18T21:50:48,23,0,0,23
2025-03-18T22:23:41,23,0,0,23
2025-03-18T22:56:07,23,0,0,23
2025-03-18T23:28:34,23,0,0,23
2025-03-19T00:01:09,23,0,0,23
2025-03-19T00:33:39,23,0,0,23
2025-03-19T01:06:12,23,0,0,23
2025-03-19T01:38:41,23,0,0,23
2025-03-19T02:11:24,23,0,0,23
2025-03-19T02:43:54,23,0,0,23
2025-03-19T03:16:22,23,0,0,23
2025-03-19T03:48:55,23,0,0,23
2025-03-19T04:29:20,23,0,0,23
2025-03-19T05:02:09,23,0,0,23
2025-03-19T05:34:42,23,0,0,23
2025-03-19T06:07:12,23,0,0,23
2025-03-19T06:39:45,23,0,0,23
2025-03-19T07:12:15,23,0,0,23
2025-03-19T07:44:42,23,0,0,23
2025-03-19T08:17:18,23,0,0,23
2025-03-19T08:49:46,23,0,0,23
2025-03-19T09:22:13,23,0,0,23
2025-03-19T09:54:51,23,0,0,23
2025-03-19T10:27:22,23,0,0,23
2025-03-19T10:59:53,23,0,0,23
2025-03-19T11:32:32,23,0,0,23
2025-03-19T12:05:00,23,0,0,23
2025-03-19T12:37:27,23,0,0,23
2025-03-19T13:10:04,23,0,0,23
2025-03-19T13:42:32,23,0,0,23
2025-03-19T14:15:02,23,0,0,23
2025-03-19T14:47:44,23,0,0,23
2025-03-19T15:20:12,23,0,0,23
2025-03-19T15:52:52,23,0,0,23
2025-03-19T16:25:24,23,0,0,23
2025-03-19T16:58:11,23,0,0,23
2025-03-19T17:30:40,23,0,0,23
2025-03-19T18:03:07,23,0,0,23
2025-03-19T18:35:44,23,0,0,23
2025-03-19T19:08:10,23,0,0,23
2025-03-19T19:40:37,23,0,0,23
2025-03-19T20:13:03,23,0,0,23
2025-03-19T20:45:43,23,0,0,23
2025-03-19T21:18:11,23,0,0,23
2025-03-19T21:50:38,23,0,0,23
2025-03-19T22:23:21,23,0,0,23
2025-03-19T22:55:51,23,0,0,23
2025-03-19T23:28:21,23,0,0,23
2025-03-20T00:00:59,23,0,0,23
2025-03-20T00:33:34,23,0,0,23
2025-03-20T01:06:08,23,0,0,23
2025-03-20T01:38:38,23,0,0,23
2025-03-20T02:11:18,23,0,0,23
2025-03-20T02:43:48,23,0,0,23
2025-03-20T03:16:15,23,0,0,23
2025-03-20T03:48:44,23,0,0,23
2025-03-20T04:24:56,23,0,0,23
2025-03-20T04:59:15,23,0,0,23
2025-03-20T05:31:48,23,0,0,23
2025-03-20T06:04:19,23,0,0,23
2025-03-20T06:36:53,23,0,0,23
2025-03-20T07:09:24,23,0,0,23
2025-03-20T07:41:53,23,0,0,23
2025-03-20T08:14:31,23,0,0,23
2025-03-20T08:47:00,23,0,0,23
2025-03-20T09:19:29,23,0,0,23
2025-03-20T09:51:58,23,0,0,23
2025-03-20T10:24:36,23,0,0,23
2025-03-20T10:57:05,23,0,0,23
2025-03-20T11:29:47,23,0,0,23
2025-03-20T12:02:17,23,0,0,23
2025-03-20T12:35:01,23,0,0,23
2025-03-20T13:07:30,23,0,0,23
2025-03-20T13:40:11,23,0,0,23
2025-03-20T14:12:45,23,0,0,23
2025-03-20T14:45:25,23,0,0,23
2025-03-20T15:18:07,23,0,0,23
2025-03-20T15:50:50,23,0,0,23
2025-03-20T16:23:18,23,0,0,23
2025-03-20T16:55:56,23,0,0,23
2025-03-20T17:28:25,23,0,0,23
2025-03-20T18:00:53,23,0,0,23
2025-03-20T18:33:32,23,0,0,23
2025-03-20T19:06:00,23,0,0,23
2025-03-20T19:38:37,23,0,0,23
2025-03-20T20:11:06,23,0,0,23
2025-03-20T20:43:35,23,0,0,23
2025-03-20T21:16:16,23,0,0,23
2025-03-20T21:48:46,23,0,0,23
2025-03-20T22:21:14,23,0,0,23
2025-03-20T22:53:57,23,0,0,23
2025-03-20T23:26:26,23,0,0,23
2025-03-20T23:58:55,23,0,0,23
2025-03-21T00:31:39,23,0,0,23
2025-03-21T01:04:12,23,0,0,23
2025-03-21T01:36:45,23,0,0,23
2025-03-21T02:09:20,23,0,0,23
2025-03-21T02:42:03,23,0,0,23
2025-03-21T03:14:48,23,0,0,23
2025-03-21T03:47:31,23,0,0,23
2025-03-21T04:24:56,23,0,0,23
2025-03-21T04:57:32,23,0,0,23
2025-03-21T05:30:05,23,0,0,23
2025-03-21T06:02:38,23,0,0,23
2025-03-21T06:35:17,23,0,0,23
2025-03-21T07:08:00,23,0,0,23
2025-03-21T07:40:32,23,0,0,23
2025-03-21T08:13:12,23,0,0,23
2025-03-21T08:45:43,23,0,0,23
2025-03-21T09:18:14,23,0,0,23
2025-03-21T09:50:44,23,0,0,23
2025-03-21T10:23:25,23,0,0,23
2025-03-21T10:55:56,23,0,0,23
2025-03-21T11:28:39,23,0,0,23
2025-03-21T12:01:11,23,0,0,23
2025-03-21T12:33:43,23,0,0,23
2025-03-21T13:06:27,23,0,0,23
2025-03-21T13:38:57,23,0,0,23
2025-03-21T14:11:39,23,0,0,23
2025-03-21T14:44:11,23,0,0,23
2025-03-21T15:16:43,23,0,0,23
2025-03-21T15:49:24,23,0,0,23
2025-03-21T16:21:54,23,0,0,23
2025-03-21T16:54:35,23,0,0,23
2025-03-21T17:27:08,23,0,0,23
2025-03-21T17:59:38,23,0,0,23
2025-03-21T18:32:22,23,0,0,23
2025-03-21T19:04:53,23,0,0,23
2025-03-21T19:37:24,23,0,0,23
2025-03-21T20:10:04,23,0,0,23
2025-03-21T20:42:35,23,0,0,23
2025-03-21T21:15:06,23,0,0,23
2025-03-21T21:47:47,23,0,0,23
2025-03-21T22:20:19,23,0,0,23
2025-03-21T22:52:54,23,0,0,23
2025-03-21T23:25:39,23,0,0,23
2025-03-21T23:58:11,23,0,0,23
2025-03-22T00:30:46,23,0,0,23
2025-03-22T01:03:35,23,0,0,23
2025-03-22T01:36:08,23,0,0,23
2025-03-22T02:08:41,23,0,0,23
2025-03-22T02:41:12,23,0,0,23
2025-03-22T03:13:44,23,0,0,23
2025-03-22T03:46:17,23,0,0,23
2025-03-22T04:19:04,23,0,0,23
2025-03-22T20:35:40,23,0,0,23
2025-03-22T21:08:11,23,0,0,23
2025-03-22T21:40:44,23,0,0,23
2025-03-22T22:13:27,23,0,0,23
2025-03-22T22:46:01,23,0,0,23
2025-03-22T23:18:35,23,0,0,23
2025-03-22T23:51:06,23,0,0,23
2025-03-23T00:23:52,23,0,0,23
2025-03-23T00:56:26,23,0,0,23
2025-03-23T01:29:02,23,0,0,23
2025-03-23T02:01:45,23,0,0,23
2025-03-23T02:34:16,23,0,0,23
2025-03-23T03:06:50,23,0,0,23
2025-03-23T03:39:45,23,0,0,23
2025-03-23T04:12:28,23,0,0,23
2025-03-23T04:32:20,23,0,0,23
2025-03-23T05:05:02,23,0,0,23
2025-03-23T05:37:42,23,0,0,23
2025-03-23T06:10:22,23,0,0,23
2025-03-23T06:42:58,23,0,0,23
2025-03-23T07:15:38,23,0,0,23
2025-03-23T07:48:15,23,0,0,23
2025-03-23T08:20:54,23,0,0,23
2025-03-23T08:53:39,23,0,0,23
2025-03-23T09:26:14,23,0,0,23
2025-03-23T09:58:47,23,0,0,23
2025-03-23T10:31:23,23,0,0,23
2025-03-23T11:04:01,23,0,0,23
2025-03-23T11:36:49,23,0,0,23
2025-03-23T12:09:21,23,0,0,23
2025-03-23T12:42:05,23,0,0,23
2025-03-23T13:14:36,23,0,0,23
2025-03-23T13:47:10,23,0,0,23
2025-03-23T14:19:59,23,0,0,23
2025-03-23T14:53:22,23,0,0,23
2025-03-23T15:26:54,23,0,0,23
2025-03-23T15:59:34,23,0,0,23
2025-03-23T16:32:42,23,0,0,23
2025-03-23T17:05:32,23,0,0,23
2025-03-23T17:38:05,23,0,0,23
2025-03-23T18:10:39,23,0,0,23
2025-03-23T18:43:23,23,0,0,23
2025-03-23T19:15:54,23,0,0,23
2025-03-23T19:48:29,23,0,0,23
2025-03-23T20:21:14,23,0,0,23
2025-03-23T20:53:49,23,0,0,23
2025-03-23T21:26:32,23,0,0,23
2025-03-23T21:59:08,23,0,0,23
2025-03-23T22:31:43,23,0,0,23
2025-03-23T23:04:27,23,0,0,23
2025-03-23T23:36:59,23,0,0,23
2025-03-24T00:09:37,23,0,0,23
2025-03-24T00:42:25,23,0,0,23
2025-03-24T01:15:03,23,0,0,23
2025-03-24T01:47:38,23,0,0,23
2025-03-24T02:20:14,23,0,0,23
2025-03-24T02:52:50,23,0,0,23
2025-03-24T03:25:36,23,0,0,23
2025-03-24T03:58:12,23,0,0,23
2025-03-24T04:37:16,23,0,0,23
2025-03-24T05:09:56,23,0,0,23
2025-03-24T05:42:34,23,0,0,23
2025-03-24T06:15:13,23,0,0,23
2025-03-24T06:47:51,23,0,0,23
2025-03-24T07:20:30,23,0,0,23
2025-03-24T07:53:17,23,0,0,23
2025-03-24T08:26:00,23,0,0,23
2025-03-24T08:58:35,23,0,0,23
2025-03-24T09:31:07,23,0,0,23
2025-03-24T10:03:50,23,0,0,23
2025-03-24T10:36:25,23,0,0,23
2025-03-24T11:09:08,23,0,0,23
2025-03-24T11:41:52,23,0,0,23
2025-03-24T12:14:29,23,0,0,23
2025-03-24T12:47:12,23,0,0,23
2025-03-24T13:19:55,23,0,0,23
2025-03-24T13:52:29,23,0,0,23
2025-03-24T14:25:12,23,0,0,23
2025-03-24T14:57:46,23,0,0,23
2025-03-24T15:30:32,23,0,0,23
2025-03-24T16:03:18,23,0,0,23
2025-03-24T16:36:06,23,0,0,23
2025-03-24T17:08:38,23,0,0,23
2025-03-24T17:41:28,23,0,0,23
2025-03-24T18:14:03,23,0,0,23
2025-03-24T18:46:48,23,0,0,23
2025-03-24T19:19:23,23,0,0,23
2025-03-24T19:52:08,23,0,0,23
2025-03-24T20:24:42,23,0,0,23
2025-03-24T20:57:26,23,0,0,23
2025-03-24T21:30:16,23,0,0,23
2025-03-24T22:02:52,23,0,0,23
2025-03-24T22:35:36,23,0,0,23
2025-03-24T23:08:13,23,0,0,23
2025-03-24T23:40:48,23,0,0,23
2025-03-25T00:13:37,23,0,0,23
2025-03-25T00:46:20,23,0,0,23
2025-03-25T01:19:09,23,0,0,23
2025-03-25T01:51:48,23,0,0,23
2025-03-25T02:24:23,23,0,0,23
2025-03-25T02:57:02,23,0,0,23
2025-03-25T03:29:51,23,0,0,23
2025-03-25T04:02:31,23,0,0,23
2025-03-25T04:26:52,23,0,0,23
2025-03-25T05:01:24,23,0,0,23
2025-03-25T05:34:04,23,0,0,23
2025-03-25T06:06:40,23,0,0,23
2025-03-25T06:39:15,23,0,0,23
2025-03-25T07:12:02,23,0,0,23
2025-03-25T07:44:38,23,0,0,23
2025-03-25T08:17:16,23,0,0,23
2025-03-25T08:49:55,23,0,0,23
2025-03-25T09:22:43,23,0,0,23
2025-03-25T09:55:17,23,0,0,23
2025-03-25T10:28:10,23,0,0,23
2025-03-25T11:00:58,23,0,0,23
2025-03-25T11:33:47,23,0,0,23
2025-03-25T12:06:21,23,0,0,23
2025-03-25T12:39:07,23,0,0,23
2025-03-25T13:11:51,23,0,0,23
2025-03-25T13:44:36,23,0,0,23
2025-03-25T14:17:22,23,0,0,23
2025-03-25T14:49:59,23,0,0,23
2025-03-25T15:22:46,23,0,0,23
2025-03-25T15:55:31,23,0,0,23
2025-03-25T16:28:17,23,0,0,23
2025-03-25T17:01:02,23,0,0,23
2025-03-25T17:33:37,23,0,0,23
2025-03-25T18:06:20,23,0,0,23
2025-03-25T18:39:06,23,0,0,23
2025-03-25T19:11:38,23,0,0,23
2025-03-25T19:44:24,23,0,0,23
2025-03-25T20:17:10,23,0,0,23
2025-03-25T20:49:44,23,0,0,23
2025-03-25T21:22:29,23,0,0,23
2025-03-25T21:55:15,23,0,0,23
2025-03-25T22:27:48,23,0,0,23
2025-03-25T23:00:35,23,0,0,23
2025-03-25T23:33:24,23,0,0,23
2025-03-26T00:06:11,23,0,0,23
2025-03-26T00:39:14,23,0,0,23
2025-03-26T01:11:55,23,0,0,23
2025-03-26T01:44:54,23,0,0,23
2025-03-26T02:17:49,23,0,0,23
2025-03-26T02:50:40,23,0,0,23
2025-03-26T03:23:17,23,0,0,23
2025-03-26T03:55:58,23,0,0,23
2025-03-26T04:34:56,23,0,0,23
2025-03-26T05:07:36,23,0,0,23
2025-03-26T05:40:18,23,0,0,23
2025-03-26T06:13:02,23,0,0,23
2025-03-26T06:45:50,23,0,0,23
2025-03-26T07:18:33,23,0,0,23
2025-03-26T07:51:13,23,0,0,23
2025-03-26T08:23:59,23,0,0,23
2025-03-26T08:56:40,23,0,0,23
2025-03-26T09:29:32,23,0,0,23
2025-03-26T10:02:25,23,0,0,23
2025-03-26T10:35:11,23,0,0,23
2025-03-26T11:08:00,23,0,0,23
2025-03-26T11:40:51,23,0,0,23
2025-03-26T12:13:41,23,0,0,23
2025-03-26T12:46:30,23,0,0,23
2025-03-26T13:19:09,23,0,0,23
2025-03-26T13:51:56,23,0,0,23
2025-03-26T14:24:45,23,0,0,23
2025-03-26T14:57:35,23,0,0,23
2025-03-26T15:30:12,23,0,0,23
2025-03-26T16:03:05,23,0,0,23
2025-03-26T16:35:57,23,0,0,23
2025-03-26T17:08:35,23,0,0,23
2025-03-26T17:41:24,23,0,0,23
2025-03-26T18:14:05,23,0,0,23
2025-03-26T18:46:53,23,0,0,23
2025-03-26T19:19:32,23,0,0,23
2025-03-26T19:52:21,23,0,0,23
2025-03-26T20:24:54,23,0,0,23
2025-03-26T20:57:41,23,0,0,23
2025-03-26T21:30:15,23,0,0,23
2025-03-26T22:03:03,23,0,0,23
2025-03-26T22:35:36,23,0,0,23
2025-03-26T23:08:27,23,0,0,23
2025-03-26T23:41:02,23,0,0,23
2025-03-27T00:13:39,23,0,0,23
2025-03-27T00:46:32,23,0,0,23
2025-03-27T01:19:11,23,0,0,23
2025-03-27T01:51:49,23,0,0,23
2025-03-27T02:24:25,23,0,0,23
2025-03-27T02:57:13,23,0,0,23
2025-03-27T03:29:47,23,0,0,23
2025-03-27T04:02:24,23,0,0,23
2025-03-27T04:24:28,23,0,0,23
2025-03-27T04:58:53,23,0,0,23
2025-03-27T05:31:31,23,0,0,23
2025-03-27T06:04:14,23,0,0,23
2025-03-27T06:36:57,23,0,0,23
2025-03-27T07:09:48,23,0,0,23
2025-03-27T07:42:25,23,0,0,23
2025-03-27T08:15:02,23,0,0,23
2025-03-27T08:47:40,23,0,0,23
2025-03-27T09:20:24,23,0,0,23
2025-03-27T09:53:19,23,0,0,23
2025-03-27T10:25:56,23,0,0,23
2025-03-27T10:58:43,23,0,0,23
2025-03-27T11:31:18,23,0,0,23
2025-03-27T12:04:05,23,0,0,23
2025-03-27T12:36:38,23,0,0,23
2025-03-27T13:09:23,23,0,0,23
2025-03-27T13:41:58,23,0,0,23
2025-03-27T14:14:44,23,0,0,23
2025-03-27T14:47:21,23,0,0,23
2025-03-27T15:20:06,23,0,0,23
2025-03-27T15:52:41,23,0,0,23
2025-03-27T16:25:28,23,0,0,23
2025-03-27T16:58:00,23,0,0,23
2025-03-27T17:30:48,23,0,0,23
2025-03-27T18:03:22,23,0,0,23
2025-03-27T18:36:09,23,0,0,23
2025-03-27T19:08:43,23,0,0,23
2025-03-27T19:41:19,23,0,0,23
2025-03-27T20:14:04,23,0,0,23
2025-03-27T20:46:37,23,0,0,23
2025-03-27T21:19:23,23,0,0,23
2025-03-27T21:51:55,23,0,0,23
2025-03-27T22:24:28,23,0,0,23
2025-03-27T22:57:16,23,0,0,23
2025-03-27T23:29:53,23,0,0,23
2025-03-28T00:02:39,23,0,0,23
2025-03-28T00:35:20,23,0,0,23
2025-03-28T01:08:04,23,0,0,23
2025-03-28T01:40:42,23,0,0,23
2025-03-28T02:13:33,23,0,0,23
2025-03-28T02:46:08,23,0,0,23
2025-03-28T03:18:48,23,0,0,23
2025-03-28T03:51:27,23,0,0,23
2025-03-28T04:25:32,23,0,0,23
2025-03-28T04:59:53,23,0,0,23
2025-03-28T05:32:34,23,0,0,23
2025-03-28T06:05:15,23,0,0,23
2025-03-28T06:37:53,23,0,0,23
2025-03-28T07:10:33,23,0,0,23
2025-03-28T07:43:13,23,0,0,23
2025-03-28T08:15:58,23,0,0,23
2025-03-28T08:48:37,23,0,0,23
2025-03-28T09:21:13,23,0,0,23
2025-03-28T09:53:54,23,0,0,23
2025-03-28T10:26:29,23,0,0,23
2025-03-28T10:59:01,23,0,0,23
2025-03-28T11:31:44,23,0,0,23
2025-03-28T12:04:19,23,0,0,23
2025-03-28T12:37:04,23,0,0,23
2025-03-28T13:09:36,23,0,0,23
2025-03-28T13:42:17,23,0,0,23
2025-03-28T14:14:53,23,0,0,23
2025-03-28T14:47:35,23,0,0,23
2025-03-28T15:20:08,23,0,0,23
2025-03-28T15:52:50,23,0,0,23
2025-03-28T16:25:23,23,0,0,23
2025-03-28T16:58:07,23,0,0,23
2025-03-28T17:30:42,23,0,0,23
2025-03-28T18:03:17,23,0,0,23
2025-03-28T18:35:59,23,0,0,23
2025-03-28T19:08:33,23,0,0,23
2025-03-28T19:41:07,23,0,0,23
2025-03-28T20:13:49,23,0,0,23
2025-03-28T20:46:23,23,0,0,23
2025-03-28T21:18:59,23,0,0,23
2025-03-28T21:51:43,23,0,0,23
2025-03-28T22:24:16,23,0,0,23
2025-03-28T22:56:53,23,0,0,23
2025-03-28T23:29:39,23,0,0,23
2025-03-29T00:02:13,23,0,0,23
2025-03-29T00:34:53,23,0,0,23
2025-03-29T01:07:43,23,0,0,23
2025-03-29T01:40:20,23,0,0,23
2025-03-29T02:12:56,23,0,0,23
2025-03-29T02:45:31,23,0,0,23
2025-03-29T03:18:09,23,0,0,23
2025-03-29T03:50:44,23,0,0,23
2025-03-29T04:26:22,23,0,0,23
2025-03-29T04:59:02,23,0,0,23
2025-03-29T05:31:40,23,0,0,23
2025-03-29T06:04:22,23,0,0,23
2025-03-29T06:37:01,23,0,0,23
2025-03-29T07:09:40,23,0,0,23
2025-03-29T07:42:23,23,0,0,23
2025-03-29T08:14:58,23,0,0,23
2025-03-29T08:47:33,23,0,0,23
2025-03-29T09:20:15,23,0,0,23
2025-03-29T09:52:47,23,0,0,23
2025-03-29T10:25:21,23,0,0,23
2025-03-29T10:58:01,23,0,0,23
2025-03-29T11:30:34,23,0,0,23
2025-03-29T12:03:06,23,0,0,23
2025-03-29T12:35:49,23,0,0,23
2025-03-29T13:08:21,23,0,0,23
2025-03-29T13:40:53,23,0,0,23
2025-03-29T14:13:35,23,0,0,23
2025-03-29T14:46:07,23,0,0,23
2025-03-29T15:18:40,23,0,0,23
2025-03-29T15:51:24,23,0,0,23
2025-03-29T16:23:56,23,0,0,23
2025-03-29T16:56:38,23,0,0,23
2025-03-29T17:29:12,23,0,0,23
2025-03-29T18:01:44,23,0,0,23
2025-03-29T18:34:25,23,0,0,23
2025-03-29T19:06:57,23,0,0,23
2025-03-29T19:39:38,23,0,0,23
2025-03-29T20:12:11,23,0,0,23
2025-03-29T20:44:43,23,0,0,23
2025-03-29T21:17:25,22,1,0,23
2025-03-29T21:49:56,22,1,0,23
2025-03-29T22:22:29,22,1,0,23
2025-03-29T22:55:13,22,1,0,23
2025-03-29T23:27:48,22,1,0,23
2025-03-30T00:00:21,22,1,0,23
2025-03-30T00:33:09,22,1,0,23
2025-03-30T01:05:45,22,1,0,23
2025-03-30T01:38:20,22,1,0,23
2025-03-30T02:11:14,22,1,0,23
2025-03-30T02:44:03,22,1,0,23
2025-03-30T03:16:41,22,1,0,23
2025-03-30T03:49:17,22,1,0,23
2025-03-30T04:35:09,22,1,0,23
2025-03-30T05:07:49,22,1,0,23
2025-03-30T05:40:26,22,1,0,23
2025-03-30T06:13:06,22,1,0,23
2025-03-30T06:45:44,22,1,0,23
2025-03-30T07:18:22,22,1,0,23
2025-03-30T07:50:56,22,1,0,23
2025-03-30T08:23:30,22,1,0,23
2025-03-30T08:56:15,22,1,0,23
2025-03-30T09:28:55,22,1,0,23
2025-03-30T10:01:31,22,1,0,23
2025-03-30T10:34:19,22,1,0,23
2025-03-30T11:06:53,22,1,0,23
2025-03-30T11:39:34,22,1,0,23
2025-03-30T12:12:07,22,1,0,23
2025-03-30T12:44:51,22,1,0,23
2025-03-30T13:17:23,22,1,0,23
2025-03-30T13:50:07,22,1,0,23
2025-03-30T14:22:39,22,1,0,23
2025-03-30T14:55:24,22,1,0,23
2025-03-30T15:28:06,22,1,0,23
2025-03-30T16:00:39,22,1,0,23
2025-03-30T16:33:23,22,1,0,23
2025-03-30T17:06:07,22,1,0,23
2025-03-30T17:38:40,22,1,0,23
2025-03-30T18:11:23,22,1,0,23
2025-03-30T18:43:57,22,1,0,23
2025-03-30T19:16:43,22,1,0,23
2025-03-30T19:49:30,22,1,0,23
2025-03-30T20:22:15,22,1,0,23
2025-03-30T20:54:58,22,1,0,23
2025-03-30T21:27:31,22,1,0,23
2025-03-30T22:00:17,22,1,0,23
2025-03-30T22:33:03,22,1,0,23
2025-03-30T23:05:49,22,1,0,23
2025-03-30T23:38:37,22,1,0,23
2025-03-31T00:11:33,22,1,0,23
2025-03-31T00:44:23,22,1,0,23
2025-03-31T01:17:04,22,1,0,23
2025-03-31T01:49:50,22,1,0,23
2025-03-31T02:22:26,22,1,0,23
2025-03-31T02:55:04,22,1,0,23
2025-03-31T03:27:49,22,1,0,23
2025-03-31T04:00:27,22,1,0,23
2025-03-31T04:31:10,22,1,0,23
2025-03-31T05:05:32,22,1,0,23
2025-03-31T05:38:08,22,1,0,23
2025-03-31T06:10:44,22,1,0,23
2025-03-31T06:53:49,22,1,0,23
2025-03-31T07:26:31,22,1,0,23
2025-03-31T07:59:03,22,1,0,23
2025-03-31T08:22:04,22,1,0,23
2025-03-31T08:54:49,22,1,0,23
2025-03-31T09:27:39,22,1,0,23
2025-03-31T10:00:39,22,1,0,23
2025-03-31T10:33:31,22,1,0,23
2025-03-31T11:06:37,22,1,0,23
2025-03-31T11:39:30,22,1,0,23
2025-03-31T12:12:35,22,1,0,23
2025-03-31T12:45:41,22,1,0,23
2025-03-31T13:18:33,22,1,0,23
2025-03-31T13:51:38,22,1,0,23
2025-03-31T14:24:43,22,1,0,23
2025-03-31T14:57:35,22,1,0,23
2025-03-31T15:30:28,23,0,0,23
2025-03-31T16:03:21,23,0,0,23
2025-03-31T16:36:25,23,0,0,23
2025-03-31T17:09:16,23,0,0,23
2025-03-31T17:42:06,23,0,0,23
2025-03-31T18:14:54,23,0,0,23
2025-03-31T18:47:43,23,0,0,23
2025-03-31T19:20:20,23,0,0,23
2025-03-31T19:53:07,23,0,0,23
2025-03-31T20:25:55,23,0,0,23
2025-03-31T20:58:44,23,0,0,23
2025-03-31T21:31:21,23,0,0,23
2025-03-31T22:04:11,23,0,0,23
2025-03-31T22:37:05,23,0,0,23
2025-03-31T23:09:50,23,0,0,23
2025-03-31T23:42:44,23,0,0,23
2025-04-01T00:15:35,23,0,0,23
2025-04-01T00:48:19,23,0,0,23
2025-04-01T01:21:04,23,0,0,23
2025-04-01T01:54:02,23,0,0,23
2025-04-01T02:26:43,23,0,0,23
2025-04-01T02:59:24,23,0,0,23
2025-04-01T03:32:08,21,2,0,23
2025-04-01T04:07:21,21,2,0,23
2025-04-01T04:41:37,21,2,0,23
2025-04-01T05:14:25,21,2,0,23
2025-04-01T05:47:08,21,2,0,23
2025-04-01T06:19:51,21,2,0,23
2025-04-01T06:52:35,21,2,0,23
2025-04-01T07:25:19,21,2,0,23
2025-04-01T07:58:10,21,2,0,23
2025-04-01T08:31:01,22,1,0,23
2025-04-01T09:03:44,22,1,0,23
2025-04-01T09:36:38,22,1,0,23
2025-04-01T10:09:45,22,1,0,23
2025-04-01T10:42:36,22,1,0,23
2025-04-01T11:15:31,22,1,0,23
2025-04-01T11:48:39,22,1,0,23
2025-04-01T12:21:33,22,1,0,23
2025-04-01T12:54:37,22,1,0,23
2025-04-01T13:27:43,22,1,0,23
2025-04-01T14:00:34,23,0,0,23
2025-04-01T14:33:37,23,0,0,23
2025-04-01T15:06:28,23,0,0,23
2025-04-01T15:39:17,23,0,0,23
2025-04-01T16:12:23,23,0,0,23
2025-04-01T16:45:15,23,0,0,23
2025-04-01T17:18:06,23,0,0,23
2025-04-01T17:50:57,22,1,0,23
2025-04-01T18:23:49,22,1,0,23
2025-04-01T18:56:26,22,1,0,23
2025-04-01T19:29:18,22,1,0,23
2025-04-01T20:02:09,23,0,0,23
2025-04-01T20:34:59,23,0,0,23
2025-04-01T21:07:37,23,0,0,23
2025-04-01T21:40:29,23,0,0,23
2025-04-01T22:13:18,23,0,0,23
2025-04-01T22:45:55,23,0,0,23
2025-04-01T23:18:49,23,0,0,23
2025-04-01T23:51:28,23,0,0,23
2025-04-02T00:24:22,23,0,0,23
2025-04-02T00:57:06,23,0,0,23
2025-04-02T01:29:53,23,0,0,23
2025-04-02T02:02:36,23,0,0,23
2025-04-02T02:35:31,23,0,0,23
2025-04-02T03:08:13,23,0,0,23
2025-04-02T03:40:55,23,0,0,23
2025-04-02T04:13:41,23,0,0,23
2025-04-02T04:40:54,23,0,0,23
2025-04-02T05:13:40,23,0,0,23
2025-04-02T05:48:13,23,0,0,23
2025-04-02T06:21:01,23,0,0,23
2025-04-02T06:53:50,23,0,0,23
2025-04-02T07:26:40,23,0,0,23
2025-04-02T07:59:27,23,0,0,23
2025-04-02T08:32:08,23,0,0,23
2025-04-02T09:04:52,23,0,0,23
2025-04-02T09:37:42,23,0,0,23
2025-04-02T10:10:35,23,0,0,23
2025-04-02T10:43:27,23,0,0,23
2025-04-02T11:16:19,23,0,0,23
2025-04-05T11:47:41,23,0,0,23
2025-04-05T12:20:24,23,0,0,23
2025-04-05T12:53:15,23,0,0,23
2025-04-05T13:25:57,23,0,0,23
2025-04-05T13:58:38,23,0,0,23
2025-04-05T14:31:19,23,0,0,23
2025-04-05T15:04:00,23,0,0,23
2025-04-05T15:36:52,23,0,0,23
2025-04-05T16:09:33,23,0,0,23
2025-04-05T16:42:15,23,0,0,23
2025-04-05T17:14:56,23,0,0,23
2025-04-05T17:47:48,23,0,0,23
2025-04-05T18:20:36,23,0,0,23
2025-04-05T18:53:18,23,0,0,23
2025-04-05T19:26:09,23,0,0,23
2025-04-05T19:58:50,23,0,0,23
2025-04-05T20:31:31,23,0,0,23
2025-04-05T21:04:12,23,0,0,23
2025-04-05T21:36:54,23,0,0,23
2025-04-05T22:09:46,23,0,0,23
2025-04-05T22:42:27,23,0,0,23
2025-04-05T23:15:11,23,0,0,23
2025-04-05T23:47:54,23,0,0,23
2025-04-06T00:20:38,23,0,0,23
2025-04-06T00:53:32,23,0,0,23
2025-04-06T01:26:18,23,0,0,23
2025-04-06T01:59:03,23,0,0,23
2025-04-06T02:32:04,23,0,0,23
2025-04-06T03:04:50,23,0,0,23
2025-04-06T03:37:36,23,0,0,23
2025-04-06T04:10:21,23,0,0,23
2025-04-06T04:35:23,23,0,0,23
2025-04-06T05:08:13,23,0,0,23
2025-04-06T05:41:03,23,0,0,23
2025-04-06T06:13:51,23,0,0,23
2025-04-06T06:46:37,23,0,0,23
2025-04-06T07:19:22,23,0,0,23
2025-04-06T07:52:05,23,0,0,23
2025-04-06T08:24:50,23,0,0,23
2025-04-06T08:57:54,23,0,0,23
2025-04-06T09:30:43,23,0,0,23
2025-04-06T10:03:29,23,0,0,23
2025-04-06T10:36:15,23,0,0,23
2025-04-06T11:08:58,23,0,0,23
2025-04-06T11:41:42,23,0,0,23
2025-04-06T12:14:35,23,0,0,23
2025-04-06T12:47:16,23,0,0,23
2025-04-06T13:19:58,23,0,0,23
2025-04-06T13:52:39,23,0,0,23
2025-04-06T14:25:28,23,0,0,23
2025-04-06T14:58:11,23,0,0,23
2025-04-06T15:30:55,23,0,0,23
2025-04-06T16:03:45,23,0,0,23
2025-04-06T16:36:26,23,0,0,23
2025-04-06T17:09:07,23,0,0,23
2025-04-06T17:41:48,23,0,0,23
2025-04-06T18:14:38,23,0,0,23
2025-04-06T18:47:22,23,0,0,23
2025-04-06T19:20:04,23,0,0,23
2025-04-06T19:52:55,23,0,0,23
2025-04-06T20:25:36,23,0,0,23
2025-04-06T20:58:28,23,0,0,23
2025-04-06T21:32:15,23,0,0,23
2025-04-06T22:05:07,23,0,0,23
2025-04-06T22:37:48,23,0,0,23
2025-04-06T23:10:30,23,0,0,23
2025-04-06T23:43:31,23,0,0,23
2025-04-07T00:16:14,23,0,0,23
2025-04-07T00:48:57,23,0,0,23
2025-04-07T01:21:50,23,0,0,23
2025-04-07T01:54:35,23,0,0,23
2025-04-07T02:27:19,23,0,0,23
2025-04-07T03:00:09,23,0,0,23
2025-04-07T03:32:58,23,0,0,23
2025-04-07T04:05:47,23,0,0,23
2025-04-07T04:24:21,23,0,0,23
2025-04-07T04:57:15,23,0,0,23
2025-04-07T05:30:04,23,0,0,23
2025-04-07T06:02:51,23,0,0,23
2025-04-07T06:35:38,23,0,0,23
2025-04-07T07:08:24,23,0,0,23
2025-04-07T07:41:09,23,0,0,23
2025-04-07T08:02:20,23,0,0,23
2025-04-07T08:35:07,23,0,0,23
2025-04-07T09:07:53,23,0,0,23
2025-04-07T09:40:47,23,0,0,23
2025-04-07T10:13:30,23,0,0,23
2025-04-07T10:46:23,23,0,0,23
2025-04-07T11:19:06,23,0,0,23
2025-04-07T11:51:59,23,0,0,23
2025-04-07T12:24:43,23,0,0,23
2025-04-07T12:57:38,23,0,0,23
2025-04-07T13:30:32,23,0,0,23
2025-04-07T14:03:16,23,0,0,23
2025-04-07T14:36:09,23,0,0,23
2025-04-07T15:08:52,23,0,0,23
2025-04-07T15:41:47,23,0,0,23
2025-04-07T16:14:42,23,0,0,23
2025-04-07T16:47:25,23,0,0,23
2025-04-07T17:20:18,23,0,0,23
2025-04-07T17:53:02,23,0,0,23
2025-04-07T18:25:55,23,0,0,23
2025-04-07T18:58:38,23,0,0,23
2025-04-07T19:31:22,23,0,0,23
2025-04-07T20:04:15,23,0,0,23
2025-04-07T20:36:58,23,0,0,23
2025-04-07T21:09:52,23,0,0,23
2025-04-07T21:42:36,23,0,0,23
2025-04-07T22:15:31,23,0,0,23
2025-04-07T22:48:16,23,0,0,23
2025-04-07T23:21:01,23,0,0,23
2025-04-07T23:53:59,23,0,0,23
2025-04-08T00:26:49,23,0,0,23
2025-04-08T00:59:39,23,0,0,23
2025-04-08T01:32:29,23,0,0,23
2025-04-08T02:05:27,23,0,0,23
2025-04-08T02:38:17,23,0,0,23
2025-04-08T03:11:13,23,0,0,23
2025-04-08T03:44:03,23,0,0,23
2025-04-08T04:33:47,23,0,0,23
2025-04-08T05:06:39,23,0,0,23
2025-04-08T05:39:28,23,0,0,23
2025-04-08T06:12:22,23,0,0,23
2025-04-08T06:45:13,23,0,0,23
2025-04-08T07:18:02,23,0,0,23
2025-04-08T07:50:55,23,0,0,23
2025-04-08T08:23:54,23,0,0,23
2025-04-08T08:56:38,23,0,0,23
2025-04-08T09:29:23,23,0,0,23
2025-04-08T10:02:18,23,0,0,23
2025-04-08T10:35:03,23,0,0,23
2025-04-08T11:07:59,23,0,0,23
2025-04-08T11:40:48,23,0,0,23
2025-04-08T12:14:00,23,0,0,23
2025-04-08T12:46:54,23,0,0,23
2025-04-08T13:19:49,23,0,0,23
2025-04-08T13:52:34,23,0,0,23
2025-04-08T14:25:29,23,0,0,23
2025-04-08T14:58:13,23,0,0,23
2025-04-08T15:31:11,23,0,0,23
2025-04-08T16:04:05,23,0,0,23
2025-04-08T16:36:51,23,0,0,23
2025-04-08T17:09:47,23,0,0,23
2025-04-08T17:42:31,23,0,0,23
2025-04-08T18:15:26,23,0,0,23
2025-04-08T18:48:11,23,0,0,23
2025-04-08T19:20:55,23,0,0,23
2025-04-08T19:53:49,23,0,0,23
2025-04-08T20:26:33,23,0,0,23
2025-04-08T20:59:16,23,0,0,23
2025-04-08T21:32:11,23,0,0,23
2025-04-08T22:04:55,23,0,0,23
2025-04-08T22:37:51,23,0,0,23
2025-04-08T23:10:35,23,0,0,23
2025-04-08T23:43:21,23,0,0,23
2025-04-09T00:16:10,23,0,0,23
2025-04-09T00:49:09,23,0,0,23
2025-04-09T01:21:59,23,0,0,23
2025-04-09T01:54:48,23,0,0,23
2025-04-09T02:27:37,23,0,0,23
2025-04-09T03:00:49,23,0,0,23
2025-04-09T03:33:38,23,0,0,23
2025-04-09T04:06:26,23,0,0,23
2025-04-09T04:34:03,23,0,0,23
2025-04-09T05:08:16,23,0,0,23
2025-04-09T05:41:27,23,0,0,23
2025-04-09T06:14:18,23,0,0,23
2025-04-09T06:47:07,23,0,0,23
2025-04-09T07:19:56,23,0,0,23
2025-04-09T07:52:42,23,0,0,23
2025-04-09T08:25:36,23,0,0,23
2025-04-09T08:58:21,23,0,0,23
2025-04-09T09:31:06,23,0,0,23
2025-04-09T10:03:52,23,0,0,23
2025-04-09T10:36:49,23,0,0,23
2025-04-09T11:09:35,23,0,0,23
2025-04-09T11:42:30,23,0,0,23
2025-04-09T12:15:34,23,0,0,23
2025-04-09T12:48:20,23,0,0,23
2025-04-09T13:21:17,23,0,0,23
2025-04-09T13:54:03,23,0,0,23
2025-04-09T14:27:00,23,0,0,23
2025-04-09T14:59:46,23,0,0,23
2025-04-09T15:32:46,23,0,0,23
2025-04-09T16:05:32,23,0,0,23
2025-04-09T16:38:29,23,0,0,23
2025-04-09T17:11:15,23,0,0,23
2025-04-09T17:44:14,23,0,0,23
2025-04-09T18:17:02,23,0,0,23
2025-04-09T18:50:12,23,0,0,23
2025-04-09T19:23:09,23,0,0,23
2025-04-09T19:55:57,23,0,0,23
2025-04-09T20:28:44,23,0,0,23
2025-04-09T21:01:31,23,0,0,23
2025-04-09T21:34:28,23,0,0,23
2025-04-09T22:07:15,23,0,0,23
2025-04-09T22:40:13,23,0,0,23
2025-04-09T23:13:01,23,0,0,23
2025-04-09T23:45:49,23,0,0,23
2025-04-10T00:18:51,23,0,0,23
2025-04-10T00:51:44,23,0,0,23
2025-04-10T01:24:37,23,0,0,23
2025-04-10T01:57:29,23,0,0,23
2025-04-10T02:30:22,23,0,0,23
2025-04-10T03:03:13,23,0,0,23
2025-04-10T03:36:04,23,0,0,23
2025-04-10T04:11:26,23,0,0,23
2025-04-10T04:35:38,23,0,0,23
2025-04-10T05:08:33,23,0,0,23
2025-04-10T05:41:26,23,0,0,23
2025-04-10T06:14:20,23,0,0,23
2025-04-10T06:47:12,23,0,0,23
2025-04-10T07:20:03,23,0,0,23
2025-04-10T07:52:52,23,0,0,23
2025-04-10T08:25:39,23,0,0,23
2025-04-10T08:58:34,23,0,0,23
2025-04-10T09:31:21,23,0,0,23
2025-04-10T10:04:11,23,0,0,23
2025-04-10T10:37:08,23,0,0,23
2025-04-10T11:09:56,23,0,0,23
2025-04-10T11:42:55,23,0,0,23
2025-04-10T12:15:44,23,0,0,23
2025-04-10T12:48:43,23,0,0,23
2025-04-10T13:21:33,23,0,0,23
2025-04-10T13:54:39,23,0,0,23
2025-04-10T14:27:35,23,0,0,23
2025-04-10T15:00:36,23,0,0,23
2025-04-10T15:33:29,23,0,0,23
2025-04-10T16:06:29,23,0,0,23
2025-04-10T16:39:19,23,0,0,23
2025-04-10T17:12:20,23,0,0,23
2025-04-10T17:45:10,23,0,0,23
2025-04-10T18:18:01,23,0,0,23
2025-04-10T18:51:00,23,0,0,23
2025-04-10T19:23:51,23,0,0,23
2025-04-10T19:56:41,23,0,0,23
2025-04-10T20:29:40,23,0,0,23
2025-04-10T21:02:29,23,0,0,23
2025-04-10T21:35:29,23,0,0,23
2025-04-10T22:08:20,23,0,0,23
2025-04-10T22:41:12,23,0,0,23
2025-04-10T23:14:02,23,0,0,23
2025-04-10T23:47:03,23,0,0,23
2025-04-11T00:19:54,23,0,0,23
2025-04-11T00:52:49,23,0,0,23
2025-04-11T01:25:45,23,0,0,23
2025-04-11T01:58:48,23,0,0,23
2025-04-11T02:31:43,23,0,0,23
2025-04-11T03:05:01,23,0,0,23
2025-04-11T03:37:56,23,0,0,23
2025-04-11T04:24:25,23,0,0,23
2025-04-11T04:57:23,23,0,0,23
2025-04-11T05:30:19,23,0,0,23
2025-04-11T06:03:15,23,0,0,23
2025-04-11T06:36:12,23,0,0,23
2025-04-11T07:09:05,23,0,0,23
2025-04-11T07:41:57,23,0,0,23
2025-04-11T08:14:57,23,0,0,23
2025-04-11T08:47:47,23,0,0,23
2025-04-11T09:20:36,23,0,0,23
2025-04-11T09:53:39,23,0,0,23
2025-04-11T10:26:29,23,0,0,23
2025-04-11T10:59:18,23,0,0,23
2025-04-11T11:32:19,23,0,0,23
2025-04-11T12:05:08,23,0,0,23
2025-04-11T12:38:07,23,0,0,23
2025-04-11T13:10:56,23,0,0,23
2025-04-11T13:43:56,23,0,0,23
2025-04-11T14:16:45,23,0,0,23
2025-04-11T14:49:46,23,0,0,23
2025-04-11T15:22:37,23,0,0,23
2025-04-11T15:55:37,23,0,0,23
2025-04-11T16:28:29,23,0,0,23
2025-04-11T17:01:21,23,0,0,23
2025-04-11T17:34:25,23,0,0,23
2025-04-11T18:07:17,23,0,0,23
2025-04-11T18:40:10,23,0,0,23
2025-04-11T19:13:12,23,0,0,23
2025-04-11T19:46:04,23,0,0,23
2025-04-11T20:18:58,23,0,0,23
2025-04-11T20:51:52,23,0,0,23
2025-04-11T21:24:52,23,0,0,23
2025-04-11T21:57:44,23,0,0,23
2025-04-11T22:30:33,23,0,0,23
2025-04-11T23:03:27,23,0,0,23
2025-04-11T23:36:21,23,0,0,23
2025-04-12T00:09:24,23,0,0,23
2025-04-12T00:42:24,23,0,0,23
2025-04-12T01:15:22,23,0,0,23
2025-04-12T01:48:20,23,0,0,23
2025-04-12T02:21:16,23,0,0,23
2025-04-12T02:55:20,23,0,0,23
2025-04-12T03:28:18,23,0,0,23
2025-04-12T04:01:27,23,0,0,23
2025-04-12T04:24:57,23,0,0,23
2025-04-12T04:57:58,23,0,0,23
2025-04-12T05:30:57,23,0,0,23
2025-04-12T06:03:56,23,0,0,23
2025-04-12T06:36:56,23,0,0,23
2025-04-12T07:09:55,23,0,0,23
2025-04-12T07:42:59,23,0,0,23
2025-04-12T08:16:05,23,0,0,23
2025-04-12T08:48:59,23,0,0,23
2025-04-12T09:21:53,23,0,0,23
2025-04-12T09:54:46,23,0,0,23
2025-04-12T10:27:47,23,0,0,23
2025-04-12T11:00:40,23,0,0,23
2025-04-12T11:33:33,23,0,0,23
2025-04-12T12:06:25,23,0,0,23
2025-04-12T12:39:21,23,0,0,23
2025-04-12T13:12:14,23,0,0,23
2025-04-12T13:45:16,23,0,0,23
2025-04-12T14:18:09,23,0,0,23
2025-04-12T14:51:02,23,0,0,23
2025-04-12T15:23:54,23,0,0,23
2025-04-12T15:56:47,23,0,0,23
2025-04-12T16:29:48,23,0,0,23
2025-04-12T17:02:41,23,0,0,23
2025-04-12T17:35:33,23,0,0,23
2025-04-12T18:08:26,23,0,0,23
2025-04-12T18:41:19,23,0,0,23
2025-04-12T19:14:12,23,0,0,23
2025-04-12T19:47:13,23,0,0,23
2025-04-12T20:20:07,23,0,0,23
2025-04-12T20:52:59,23,0,0,23
2025-04-12T21:25:52,23,0,0,23
2025-04-12T21:58:45,23,0,0,23
2025-04-12T22:31:37,23,0,0,23
2025-04-12T23:04:30,23,0,0,23
2025-04-12T23:37:33,23,0,0,23
2025-04-13T00:10:26,23,0,0,23
2025-04-13T00:43:23,23,0,0,23
2025-04-13T01:16:18,23,0,0,23
2025-04-13T01:49:12,23,0,0,23
2025-04-13T02:22:05,23,0,0,23
2025-04-13T02:54:58,23,0,0,23
2025-04-13T03:28:04,23,0,0,23
2025-04-13T04:01:05,23,0,0,23
2025-04-13T04:26:52,23,0,0,23
2025-04-13T05:00:54,23,0,0,23
2025-04-13T05:34:18,23,0,0,23
2025-04-13T06:07:19,23,0,0,23
2025-04-13T06:40:19,23,0,0,23
2025-04-13T07:13:18,23,0,0,23
2025-04-13T07:46:17,23,0,0,23
2025-04-13T08:19:19,23,0,0,23
2025-04-13T08:52:18,23,0,0,23
2025-04-13T09:25:14,23,0,0,23
2025-04-13T09:58:12,23,0,0,23
2025-04-13T10:31:21,23,0,0,23
2025-04-13T11:04:21,23,0,0,23
2025-04-13T11:37:21,23,0,0,23
2025-04-13T12:10:14,23,0,0,23
2025-04-13T12:43:07,23,0,0,23
2025-04-13T13:16:10,23,0,0,23
2025-04-13T13:49:03,23,0,0,23
2025-04-13T14:21:55,23,0,0,23
2025-04-13T14:54:48,23,0,0,23
2025-04-13T15:27:42,23,0,0,23
2025-04-13T16:00:47,23,0,0,23
2025-04-13T16:33:41,23,0,0,23
2025-04-13T17:06:34,23,0,0,23
2025-04-13T17:39:28,23,0,0,23
2025-04-13T18:12:22,23,0,0,23
2025-04-13T18:45:24,23,0,0,23
2025-04-13T19:18:17,23,0,0,23
2025-04-13T19:51:10,23,0,0,23
2025-04-13T20:24:03,23,0,0,23
2025-04-13T20:57:05,23,0,0,23
2025-04-13T21:29:58,23,0,0,23
2025-04-13T22:02:53,23,0,0,23
2025-04-13T22:35:47,23,0,0,23
2025-04-13T23:08:52,23,0,0,23
2025-04-13T23:41:47,23,0,0,23
2025-04-14T00:14:42,23,0,0,23
2025-04-14T00:47:41,23,0,0,23
2025-04-14T01:20:43,23,0,0,23
2025-04-14T01:53:48,23,0,0,23
2025-04-14T02:26:45,23,0,0,23
2025-04-14T02:59:41,23,0,0,23
2025-04-14T03:32:37,23,0,0,23
2025-04-14T04:05:35,23,0,0,23
2025-04-14T04:31:20,23,0,0,23
2025-04-14T05:05:58,23,0,0,23
2025-04-14T05:38:57,23,0,0,23
2025-04-14T06:11:52,23,0,0,23
2025-04-14T06:44:53,23,0,0,23
2025-04-14T07:17:52,23,0,0,23
2025-04-14T07:50:52,23,0,0,23
2025-04-14T08:23:49,23,0,0,23
2025-04-14T08:56:43,23,0,0,23
2025-04-14T09:29:46,23,0,0,23
2025-04-14T10:02:41,23,0,0,23
2025-04-14T10:35:34,23,0,0,23
2025-04-14T11:08:41,23,0,0,23
2025-04-14T11:41:35,23,0,0,23
2025-04-14T12:14:38,23,0,0,23
2025-04-14T12:47:43,23,0,0,23
2025-04-14T13:20:37,23,0,0,23
2025-04-14T13:53:31,23,0,0,23
2025-04-14T14:26:39,23,0,0,23
2025-04-14T14:59:36,23,0,0,23
2025-04-14T15:32:45,23,0,0,23
2025-04-14T16:05:40,23,0,0,23
2025-04-14T16:38:46,23,0,0,23
2025-04-14T17:11:41,23,0,0,23
2025-04-14T17:44:35,23,0,0,23
2025-04-14T18:17:38,23,0,0,23
2025-04-14T18:50:33,23,0,0,23
2025-04-14T19:23:28,23,0,0,23
2025-04-14T19:56:31,23,0,0,23
2025-04-14T20:29:27,23,0,0,23
2025-04-14T21:02:21,23,0,0,23
2025-04-14T21:35:26,23,0,0,23
2025-04-14T22:08:21,23,0,0,23
2025-04-14T22:41:15,23,0,0,23
2025-04-14T23:14:21,23,0,0,23
2025-04-14T23:47:16,23,0,0,23
2025-04-15T00:20:14,23,0,0,23
2025-04-15T00:53:15,23,0,0,23
2025-04-15T01:26:14,23,0,0,23
2025-04-15T01:59:22,23,0,0,23
2025-04-15T02:32:21,23,0,0,23
2025-04-15T03:05:20,23,0,0,23
2025-04-15T03:38:19,23,0,0,23
2025-04-15T04:13:44,23,0,0,23
2025-04-15T04:38:15,23,0,0,23
2025-04-15T05:11:16,23,0,0,23
2025-04-15T05:44:17,23,0,0,23
2025-04-15T06:17:19,23,0,0,23
2025-04-15T06:50:20,23,0,0,23
2025-04-15T07:23:21,23,0,0,23
2025-04-15T07:56:17,23,0,0,23
2025-04-15T08:29:12,23,0,0,23
2025-04-15T09:02:18,23,0,0,23
2025-04-15T09:35:12,23,0,0,23
2025-04-15T10:08:06,23,0,0,23
2025-04-15T10:41:15,23,0,0,23
2025-04-15T11:14:21,23,0,0,23
2025-04-15T11:47:21,23,0,0,23
2025-04-15T12:20:34,23,0,0,23
2025-04-16T00:09:36,23,0,0,23
2025-04-16T00:42:36,23,0,0,23
2025-04-16T01:15:36,23,0,0,23
2025-04-16T01:48:35,23,0,0,23
2025-04-16T02:21:42,23,0,0,23
2025-04-16T02:54:42,23,0,0,23
2025-04-16T03:27:41,23,0,0,23
2025-04-16T04:02:44,23,0,0,23
2025-04-16T04:34:55,23,0,0,23
2025-04-16T05:07:58,23,0,0,23
2025-04-16T05:41:00,23,0,0,23
2025-04-16T06:13:59,23,0,0,23
2025-04-16T06:46:59,23,0,0,23
2025-04-16T07:19:58,23,0,0,23
2025-04-16T07:52:54,23,0,0,23
2025-04-16T08:25:52,23,0,0,23
2025-04-16T08:58:54,23,0,0,23
2025-04-16T09:31:49,23,0,0,23
2025-04-16T10:04:44,23,0,0,23
2025-04-16T10:37:39,23,0,0,23
2025-04-16T11:10:45,23,0,0,23
2025-04-16T11:43:40,23,0,0,23
2025-04-16T12:16:46,23,0,0,23
2025-04-16T12:49:52,23,0,0,23
2025-04-16T13:22:47,23,0,0,23
2025-04-16T13:55:53,23,0,0,23
2025-04-16T14:28:47,23,0,0,23
2025-04-16T15:01:43,23,0,0,23
2025-04-16T15:34:48,23,0,0,23
2025-04-16T16:07:42,23,0,0,23
2025-04-16T16:40:47,23,0,0,23
2025-04-16T17:13:41,23,0,0,23
2025-04-16T17:46:44,23,0,0,23
2025-04-16T18:19:45,23,0,0,23
2025-04-16T18:52:48,23,0,0,23
2025-04-16T19:25:42,23,0,0,23
2025-04-16T19:58:40,23,0,0,23
2025-04-16T20:31:49,23,0,0,23
2025-04-16T21:04:45,23,0,0,23
2025-04-16T21:37:43,23,0,0,23
2025-04-16T22:10:53,23,0,0,23
2025-04-16T22:43:54,23,0,0,23
2025-04-16T23:16:58,23,0,0,23
2025-04-16T23:50:05,23,0,0,23
2025-04-17T00:23:18,23,0,0,23
2025-04-17T00:56:26,23,0,0,23
2025-04-17T01:29:32,23,0,0,23
2025-04-17T02:02:37,23,0,0,23
2025-04-17T02:35:45,23,0,0,23
2025-04-17T03:09:06,23,0,0,23
2025-04-17T03:42:11,23,0,0,23
2025-04-17T04:15:17,23,0,0,23
2025-04-17T04:38:48,23,0,0,23
2025-04-17T05:11:57,23,0,0,23
2025-04-17T05:45:06,23,0,0,23
2025-04-17T06:18:09,23,0,0,23
2025-04-17T06:51:20,23,0,0,23
2025-04-17T07:24:22,23,0,0,23
2025-04-17T07:57:19,23,0,0,23
2025-04-17T08:30:29,23,0,0,23
2025-04-17T09:03:25,23,0,0,23
2025-04-17T09:36:20,23,0,0,23
2025-04-17T10:09:15,23,0,0,23
2025-04-17T10:42:33,23,0,0,23
2025-04-17T11:15:27,23,0,0,23
2025-04-17T11:48:20,23,0,0,23
2025-04-17T12:21:26,23,0,0,23
2025-04-17T12:54:21,23,0,0,23
2025-04-17T13:27:25,23,0,0,23
2025-04-17T14:00:19,23,0,0,23
2025-04-17T14:33:24,23,0,0,23
2025-04-17T15:06:17,23,0,0,23
2025-04-17T15:39:25,23,0,0,23
2025-04-17T16:12:19,23,0,0,23
2025-04-17T16:45:25,23,0,0,23
2025-04-17T17:18:20,23,0,0,23
2025-04-17T17:51:14,23,0,0,23
2025-04-17T18:24:20,23,0,0,23
2025-04-17T18:57:15,23,0,0,23
2025-04-17T19:30:09,23,0,0,23
2025-04-17T20:03:18,23,0,0,23
2025-04-17T20:36:13,23,0,0,23
2025-04-17T21:09:07,23,0,0,23
2025-04-17T21:42:01,23,0,0,23
2025-04-17T22:15:05,23,0,0,23
2025-04-17T22:48:02,23,0,0,23
2025-04-17T23:20:57,23,0,0,23
2025-04-17T23:53:52,23,0,0,23
2025-04-18T00:26:50,23,0,0,23
2025-04-18T00:59:52,23,0,0,23
2025-04-18T01:33:03,23,0,0,23
2025-04-18T02:06:04,23,0,0,23
2025-04-18T02:39:02,23,0,0,23
2025-04-18T03:12:01,23,0,0,23
2025-04-18T03:45:01,23,0,0,23
2025-04-18T04:32:30,23,0,0,23
2025-04-18T05:05:32,23,0,0,23
2025-04-18T05:38:32,23,0,0,23
2025-04-18T06:11:33,23,0,0,23
2025-04-18T06:44:34,23,0,0,23
2025-04-18T07:17:38,23,0,0,23
2025-04-18T07:50:38,23,0,0,23
2025-04-18T08:23:38,23,0,0,23
2025-04-18T08:56:44,23,0,0,23
2025-04-18T09:29:41,23,0,0,23
2025-04-18T10:02:36,23,0,0,23
2025-04-18T10:35:29,23,0,0,23
2025-04-18T11:08:23,23,0,0,23
2025-04-18T11:41:28,23,0,0,23
2025-04-18T12:14:22,23,0,0,23
2025-04-18T12:47:18,23,0,0,23
2025-04-18T13:20:23,23,0,0,23
2025-04-18T13:53:17,23,0,0,23
2025-04-18T14:26:12,23,0,0,23
2025-04-18T14:59:18,23,0,0,23
2025-04-18T15:32:14,23,0,0,23
2025-04-18T16:05:08,23,0,0,23
2025-04-18T16:38:11,23,0,0,23
2025-04-18T17:11:06,23,0,0,23
2025-04-18T17:43:59,23,0,0,23
2025-04-18T18:17:04,23,0,0,23
2025-04-18T18:49:59,23,0,0,23
2025-04-18T19:22:53,23,0,0,23
2025-04-18T19:55:45,23,0,0,23
2025-04-18T20:28:49,23,0,0,23
2025-04-18T21:01:42,23,0,0,23
2025-04-18T21:34:35,23,0,0,23
2025-04-18T22:07:30,23,0,0,23
2025-04-18T22:40:24,23,0,0,23
2025-04-18T23:13:30,23,0,0,23
2025-04-18T23:46:26,23,0,0,23
2025-04-19T00:19:22,23,0,0,23
2025-04-19T00:52:27,23,0,0,23
2025-04-19T01:25:28,23,0,0,23
2025-04-19T01:58:26,23,0,0,23
2025-04-19T02:31:23,23,0,0,23
2025-04-19T03:04:18,23,0,0,23
2025-04-19T03:38:14,23,0,0,23
2025-04-19T04:11:23,23,0,0,23
2025-04-19T04:35:39,23,0,0,23
2025-04-19T05:08:42,23,0,0,23
2025-04-19T05:41:42,23,0,0,23
2025-04-19T06:14:41,23,0,0,23
2025-04-19T06:47:41,23,0,0,23
2025-04-19T07:20:43,23,0,0,23
2025-04-19T07:53:42,23,0,0,23
2025-04-19T08:26:50,23,0,0,23
2025-04-19T08:59:47,23,0,0,23
2025-04-19T09:32:42,23,0,0,23
2025-04-19T10:06:19,23,0,0,23
2025-04-19T10:39:38,23,0,0,23
2025-04-19T11:12:31,23,0,0,23
2025-04-19T11:45:34,23,0,0,23
2025-04-19T12:18:28,23,0,0,23
2025-04-19T12:51:21,23,0,0,23
2025-04-19T13:24:14,23,0,0,23
2025-04-19T13:57:08,23,0,0,23
2025-04-19T14:30:11,23,0,0,23
2025-04-19T15:03:05,23,0,0,23
2025-04-19T15:35:58,23,0,0,23
2025-04-19T16:08:53,23,0,0,23
2025-04-19T16:41:47,23,0,0,23
2025-04-19T17:14:50,23,0,0,23
2025-04-19T17:47:43,23,0,0,23
2025-04-19T18:20:37,23,0,0,23
2025-04-19T18:53:32,23,0,0,23
2025-04-19T19:26:26,23,0,0,23
2025-04-19T19:59:19,23,0,0,23
2025-04-19T20:32:22,23,0,0,23
2025-04-19T21:05:16,23,0,0,23
2025-04-19T21:38:09,23,0,0,23
2025-04-19T22:11:03,23,0,0,23
2025-04-19T22:43:59,23,0,0,23
2025-04-19T23:17:05,23,0,0,23
2025-04-19T23:50:00,23,0,0,23
2025-04-20T00:22:55,23,0,0,23
2025-04-20T00:57:51,23,0,0,23
2025-04-20T01:30:47,23,0,0,23
2025-04-20T02:05:33,23,0,0,23
2025-04-20T02:38:38,23,0,0,23
2025-04-20T03:11:53,23,0,0,23
2025-04-20T03:45:01,23,0,0,23
2025-04-20T04:27:00,23,0,0,23
2025-04-20T05:00:02,23,0,0,23
2025-04-20T05:33:02,23,0,0,23
2025-04-20T06:06:03,23,0,0,23
2025-04-20T06:39:03,23,0,0,23
2025-04-20T07:12:07,23,0,0,23
2025-04-20T07:45:09,23,0,0,23
2025-04-20T08:18:08,23,0,0,23
2025-04-20T08:51:06,23,0,0,23
2025-04-20T09:24:01,23,0,0,23
2025-04-20T09:57:00,23,0,0,23
2025-04-20T10:30:07,23,0,0,23
2025-04-20T11:03:07,23,0,0,23
2025-04-20T11:36:05,23,0,0,23
2025-04-20T12:09:02,23,0,0,23
2025-04-20T12:41:57,23,0,0,23
2025-04-20T13:14:59,23,0,0,23
2025-04-20T13:47:54,23,0,0,23
2025-04-20T14:20:47,23,0,0,23
2025-04-20T14:53:41,23,0,0,23
2025-04-20T15:26:34,23,0,0,23
2025-04-20T15:59:27,23,0,0,23
2025-04-20T16:32:28,23,0,0,23
2025-04-20T17:05:21,23,0,0,23
2025-04-20T17:38:15,23,0,0,23
2025-04-20T18:11:10,23,0,0,23
2025-04-20T18:44:10,23,0,0,23
2025-04-20T19:17:16,23,0,0,23
2025-04-20T19:50:10,23,0,0,23
2025-04-20T20:23:04,23,0,0,23
2025-04-20T20:55:58,23,0,0,23
2025-04-20T21:28:51,23,0,0,23
2025-04-20T22:02:00,23,0,0,23
2025-04-20T22:34:55,23,0,0,23
2025-04-20T23:07:49,23,0,0,23
2025-04-20T23:40:46,23,0,0,23
2025-04-21T00:14:01,23,0,0,23
2025-04-21T00:47:05,23,0,0,23
2025-04-21T01:20:12,23,0,0,23
2025-04-21T01:53:14,23,0,0,23
2025-04-21T02:26:14,23,0,0,23
2025-04-21T02:59:10,23,0,0,23
2025-04-21T03:32:07,23,0,0,23
2025-04-21T04:07:16,23,0,0,23
2025-04-21T04:27:12,23,0,0,23
2025-04-21T05:00:14,23,0,0,23
2025-04-21T05:33:15,23,0,0,23
2025-04-21T06:06:15,23,0,0,23
2025-04-21T06:39:18,23,0,0,23
2025-04-21T07:12:17,23,0,0,23
2025-04-21T07:45:13,23,0,0,23
2025-04-21T08:18:17,23,0,0,23
2025-04-21T08:51:13,23,0,0,23
2025-04-21T09:24:09,23,0,0,23
2025-04-21T09:57:07,23,0,0,23
2025-04-21T10:30:12,23,0,0,23
2025-04-21T11:03:07,23,0,0,23
2025-04-21T11:36:01,23,0,0,23
2025-04-21T12:08:56,23,0,0,23
2025-04-21T12:42:02,23,0,0,23
2025-04-21T13:14:59,23,0,0,23
2025-04-21T13:47:55,23,0,0,23
2025-04-21T14:21:00,23,0,0,23
2025-04-21T14:53:55,23,0,0,23
2025-04-21T15:26:51,23,0,0,23
2025-04-21T15:59:55,23,0,0,23
2025-04-21T16:32:50,23,0,0,23
2025-04-21T17:05:45,23,0,0,23
2025-04-21T17:38:50,23,0,0,23
2025-04-21T18:11:45,23,0,0,23
2025-04-21T18:44:39,23,0,0,23
2025-04-21T19:17:43,23,0,0,23
2025-04-21T19:50:37,23,0,0,23
2025-04-21T20:23:31,23,0,0,23
2025-04-21T20:56:25,23,0,0,23
2025-04-21T21:29:29,23,0,0,23
2025-04-21T22:02:25,23,0,0,23
2025-04-21T22:35:20,23,0,0,23
2025-04-21T23:08:23,23,0,0,23
2025-04-21T23:41:19,23,0,0,23
2025-04-22T00:14:28,23,0,0,23
2025-04-22T00:47:32,23,0,0,23
2025-04-22T01:20:29,23,0,0,23
2025-04-22T01:53:25,23,0,0,23
2025-04-22T02:26:18,23,0,0,23
2025-04-22T02:59:15,23,0,0,23
2025-04-22T03:32:17,23,0,0,23
2025-04-22T04:05:41,23,0,0,23
2025-04-22T04:26:28,23,0,0,23
2025-04-22T04:59:31,23,0,0,23
2025-04-22T05:32:30,23,0,0,23
2025-04-22T06:05:31,23,0,0,23
2025-04-22T06:38:29,23,0,0,23
2025-04-22T07:11:28,23,0,0,23
2025-04-22T07:44:26,23,0,0,23
2025-04-22T08:17:29,23,0,0,23
2025-04-22T08:50:25,23,0,0,23
2025-04-22T09:23:19,23,0,0,23
2025-04-22T09:56:27,23,0,0,23
2025-04-22T10:29:22,23,0,0,23
2025-04-22T11:02:18,23,0,0,23
2025-04-22T11:35:22,23,0,0,23
2025-04-22T12:08:17,23,0,0,23
2025-04-22T12:41:23,23,0,0,23
2025-04-22T13:14:27,23,0,0,23
2025-04-22T13:47:20,23,0,0,23
2025-04-22T14:20:25,23,0,0,23
2025-04-22T14:53:25,23,0,0,23
2025-04-22T15:26:24,23,0,0,23
2025-04-22T15:59:29,23,0,0,23
2025-04-22T16:32:34,23,0,0,23
2025-04-22T17:05:28,23,0,0,23
2025-04-22T17:38:32,23,0,0,23
2025-04-22T18:11:26,23,0,0,23
2025-04-22T18:44:20,23,0,0,23
2025-04-22T19:17:14,23,0,0,23
2025-04-22T19:50:18,23,0,0,23
2025-04-22T20:23:16,23,0,0,23
2025-04-22T20:56:10,23,0,0,23
2025-04-22T21:29:03,23,0,0,23
2025-04-22T22:01:58,23,0,0,23
2025-04-22T22:35:03,23,0,0,23
2025-04-22T23:07:58,23,0,0,23
2025-04-22T23:40:55,23,0,0,23
2025-04-23T00:13:52,23,0,0,23
2025-04-23T00:46:55,23,0,0,23
2025-04-23T01:20:09,23,0,0,23
2025-04-23T01:53:10,23,0,0,23
2025-04-23T02:26:10,23,0,0,23
2025-04-23T02:59:14,23,0,0,23
2025-04-23T03:32:41,23,0,0,23
2025-04-23T04:08:40,23,0,0,23
2025-04-23T04:28:14,23,0,0,23
2025-04-23T05:01:18,23,0,0,23
2025-04-23T05:34:16,23,0,0,23
2025-04-23T06:07:16,23,0,0,23
2025-04-23T06:40:15,23,0,0,23
2025-04-23T07:13:20,23,0,0,23
2025-04-23T07:46:16,23,0,0,23
2025-04-23T08:19:11,23,0,0,23
2025-04-23T08:52:15,23,0,0,23
2025-04-23T09:25:10,23,0,0,23
2025-04-23T09:58:05,23,0,0,23
2025-04-23T10:31:01,23,0,0,23
2025-04-23T11:04:08,23,0,0,23
2025-04-23T11:37:02,23,0,0,23
2025-04-23T12:09:56,23,0,0,23
2025-04-23T12:43:00,23,0,0,23
2025-04-23T13:15:55,23,0,0,23
2025-04-23T13:48:52,23,0,0,23
2025-04-23T14:21:49,23,0,0,23
2025-04-23T14:54:54,23,0,0,23
2025-04-23T15:27:49,23,0,0,23
2025-04-23T16:00:44,23,0,0,23
2025-04-23T16:33:49,23,0,0,23
2025-04-23T17:06:44,23,0,0,23
2025-04-23T17:39:40,23,0,0,23
2025-04-23T18:12:34,23,0,0,23
2025-04-23T18:45:39,23,0,0,23
2025-04-23T19:18:35,23,0,0,23
2025-04-23T19:51:30,23,0,0,23
2025-04-23T20:24:25,23,0,0,23
2025-04-23T20:57:29,23,0,0,23
2025-04-23T21:30:24,23,0,0,23
2025-04-23T22:03:23,23,0,0,23
2025-04-23T22:36:18,23,0,0,23
2025-04-23T23:09:14,23,0,0,23
2025-04-23T23:42:20,23,0,0,23
2025-04-24T00:15:24,23,0,0,23
2025-04-24T00:48:30,23,0,0,23
2025-04-24T01:21:33,23,0,0,23
2025-04-24T01:54:34,23,0,0,23
2025-04-24T02:27:34,23,0,0,23
2025-04-24T03:00:52,23,0,0,23
2025-04-24T03:33:53,23,0,0,23
2025-04-24T04:07:01,23,0,0,23
2025-04-24T04:26:48,23,0,0,23
2025-04-24T04:59:50,23,0,0,23
2025-04-24T05:32:53,23,0,0,23
2025-04-24T06:05:58,23,0,0,23
2025-04-24T06:39:02,23,0,0,23
2025-04-24T07:12:00,23,0,0,23
2025-04-24T07:44:56,23,0,0,23
2025-04-24T08:17:54,23,0,0,23
2025-04-24T08:50:56,23,0,0,23
2025-04-24T09:23:53,23,0,0,23
2025-04-24T09:56:48,23,0,0,23
2025-04-24T10:29:42,23,0,0,23
2025-04-24T11:02:36,23,0,0,23
2025-04-24T11:35:40,23,0,0,23
2025-04-24T12:08:34,23,0,0,23
2025-04-24T12:41:29,23,0,0,23
2025-04-24T13:14:32,23,0,0,23
2025-04-24T13:47:26,23,0,0,23
2025-04-24T14:20:22,23,0,0,23
2025-04-24T14:53:25,23,0,0,23
2025-04-24T15:26:19,23,0,0,23
2025-04-24T15:59:13,23,0,0,23
2025-04-24T16:32:08,23,0,0,23
2025-04-24T17:05:13,23,0,0,23
2025-04-24T17:38:07,23,0,0,23
2025-04-24T18:11:01,23,0,0,23
2025-04-24T18:44:06,23,0,0,23
2025-04-24T19:17:01,23,0,0,23
2025-04-24T19:49:55,23,0,0,23
2025-04-24T20:22:49,23,0,0,23
2025-04-24T20:55:50,23,0,0,23
2025-04-24T21:28:54,23,0,0,23
2025-04-24T22:01:47,23,0,0,23
2025-04-24T22:34:41,23,0,0,23
2025-04-24T23:07:39,23,0,0,23
2025-04-24T23:40:34,23,0,0,23
2025-04-25T00:13:51,23,0,0,23
2025-04-25T00:46:57,23,0,0,23
2025-04-25T01:20:00,23,0,0,23
2025-04-25T01:53:01,23,0,0,23
2025-04-25T02:26:12,23,0,0,23
2025-04-25T02:59:13,23,0,0,23
2025-04-25T03:32:14,23,0,0,23
2025-04-25T04:22:52,23,0,0,23
2025-04-25T04:55:54,23,0,0,23
2025-04-25T05:28:56,23,0,0,23
2025-04-25T06:01:58,23,0,0,23
2025-04-25T06:34:57,23,0,0,23
2025-04-25T07:07:57,23,0,0,23
2025-04-25T07:40:55,23,0,0,23
2025-04-25T08:13:58,23,0,0,23
2025-04-25T08:46:54,23,0,0,23
2025-04-25T09:19:48,23,0,0,23
2025-04-25T09:52:43,23,0,0,23
2025-04-25T10:25:38,23,0,0,23
2025-04-25T10:58:56,23,0,0,23
2025-04-25T11:31:51,23,0,0,23
2025-04-25T12:04:48,23,0,0,23
2025-04-25T12:37:50,23,0,0,23
2025-04-25T13:10:44,23,0,0,23
2025-04-25T13:43:38,23,0,0,23
2025-04-25T14:16:49,23,0,0,23
2025-04-25T14:49:43,23,0,0,23
2025-04-25T15:22:37,23,0,0,23
2025-04-25T15:55:31,23,0,0,23
2025-04-25T16:28:35,23,0,0,23
2025-04-25T17:01:28,23,0,0,23
2025-04-25T17:34:23,23,0,0,23
2025-04-25T18:07:18,23,0,0,23
2025-04-25T18:40:35,23,0,0,23
2025-04-25T19:13:29,23,0,0,23
2025-04-25T19:46:22,23,0,0,23
2025-04-25T20:19:16,23,0,0,23
2025-04-25T20:52:19,23,0,0,23
2025-04-25T21:25:12,23,0,0,23
2025-04-25T21:58:07,23,0,0,23
2025-04-25T22:31:01,23,0,0,23
2025-04-25T23:03:56,23,0,0,23
2025-04-25T23:37:08,23,0,0,23
2025-04-26T00:10:08,23,0,0,23
2025-04-26T00:43:20,23,0,0,23
2025-04-26T01:16:20,23,0,0,23
2025-04-26T01:49:20,23,0,0,23
2025-04-26T02:22:17,23,0,0,23
2025-04-26T02:55:36,23,0,0,23
2025-04-26T03:28:31,23,0,0,23
2025-04-26T04:01:27,23,0,0,23
2025-04-26T04:34:17,23,0,0,23
2025-04-26T05:07:20,23,0,0,23
2025-04-26T05:42:49,23,0,0,23
2025-04-26T06:15:57,23,0,0,23
2025-04-26T06:48:58,23,0,0,23
2025-04-26T07:22:02,23,0,0,23
2025-04-26T07:55:09,23,0,0,23
2025-04-26T08:28:08,23,0,0,23
2025-04-26T09:01:07,23,0,0,23
2025-04-26T09:34:09,23,0,0,23
2025-04-26T10:07:10,23,0,0,23
2025-04-26T10:40:21,23,0,0,23
2025-04-26T11:13:18,23,0,0,23
2025-04-26T11:46:16,23,0,0,23
2025-04-26T12:19:15,23,0,0,23
2025-04-26T12:52:11,23,0,0,23
2025-04-26T13:25:14,23,0,0,23
2025-04-26T13:58:09,23,0,0,23
2025-04-26T14:31:04,23,0,0,23
2025-04-26T15:04:01,23,0,0,23
2025-04-26T15:36:55,23,0,0,23
2025-04-26T16:09:52,23,0,0,23
2025-04-26T16:42:57,23,0,0,23
2025-04-26T17:15:52,23,0,0,23
2025-04-26T17:48:47,23,0,0,23
2025-04-26T18:21:44,23,0,0,23
2025-04-26T18:54:39,23,0,0,23
2025-04-26T19:27:33,23,0,0,23
2025-04-26T20:00:37,23,0,0,23
2025-04-26T20:33:32,23,0,0,23
2025-04-26T21:06:27,23,0,0,23
2025-04-26T21:39:21,23,0,0,23
2025-04-26T22:12:19,23,0,0,23
2025-04-26T22:45:15,23,0,0,23
2025-04-26T23:18:21,23,0,0,23
2025-04-26T23:51:16,23,0,0,23
2025-04-27T00:24:13,23,0,0,23
2025-04-27T00:57:25,23,0,0,23
2025-04-27T01:30:34,23,0,0,23
2025-04-27T02:03:41,23,0,0,23
2025-04-27T02:36:45,23,0,0,23
2025-04-27T03:09:43,23,0,0,23
2025-04-27T03:42:59,23,0,0,23
2025-04-27T04:33:45,23,0,0,23
2025-04-27T05:06:58,23,0,0,23
2025-04-27T05:40:05,23,0,0,23
2025-04-27T06:13:40,23,0,0,23
2025-04-27T06:46:45,23,0,0,23
2025-04-27T07:19:53,23,0,0,23
2025-04-27T07:53:05,23,0,0,23
2025-04-27T08:26:10,23,0,0,23
2025-04-27T08:59:20,23,0,0,23
2025-04-27T09:32:27,23,0,0,23
2025-04-27T10:05:42,23,0,0,23
2025-04-27T10:38:54,23,0,0,23
2025-04-27T11:12:12,23,0,0,23
2025-04-27T11:45:11,23,0,0,23
2025-04-27T12:18:09,23,0,0,23
2025-04-27T12:51:12,23,0,0,23
2025-04-27T13:24:07,23,0,0,23
2025-04-27T13:57:01,23,0,0,23
2025-04-27T14:29:57,23,0,0,23
2025-04-27T15:02:51,23,0,0,23
2025-04-27T15:35:55,23,0,0,23
2025-04-27T16:08:49,23,0,0,23
2025-04-27T16:41:43,23,0,0,23
2025-04-27T17:14:40,23,0,0,23
2025-04-27T17:47:35,23,0,0,23
2025-04-27T18:20:39,23,0,0,23
2025-04-27T18:53:34,23,0,0,23
2025-04-27T19:26:31,23,0,0,23
2025-04-27T19:59:27,23,0,0,23
2025-04-27T20:32:22,23,0,0,23
2025-04-27T21:05:17,23,0,0,23
2025-04-27T21:38:23,23,0,0,23
2025-04-27T22:11:20,23,0,0,23
2025-04-27T22:44:17,23,0,0,23
2025-04-27T23:17:13,23,0,0,23
2025-04-27T23:50:19,23,0,0,23
2025-04-28T00:23:56,23,0,0,23
2025-04-28T00:57:02,23,0,0,23
2025-04-28T01:30:08,23,0,0,23
2025-04-28T02:03:08,23,0,0,23
2025-04-28T02:36:31,23,0,0,23
2025-04-28T03:09:31,23,0,0,23
2025-04-28T03:42:30,23,0,0,23
2025-04-28T04:15:31,23,0,0,23
2025-04-28T04:36:38,23,0,0,23
2025-04-28T05:09:43,23,0,0,23
2025-04-28T05:42:48,23,0,0,23
2025-04-28T06:15:51,23,0,0,23
2025-04-28T06:48:55,23,0,0,23
2025-04-28T07:21:58,23,0,0,23
2025-04-28T07:54:56,23,0,0,23
2025-04-28T08:27:53,23,0,0,23
2025-04-28T09:00:52,23,0,0,23
2025-04-28T09:33:47,23,0,0,23
2025-04-28T10:06:50,23,0,0,23
2025-04-28T10:39:48,23,0,0,23
2025-04-28T11:12:43,23,0,0,23
2025-04-28T11:45:51,23,0,0,23
2025-04-28T12:18:46,23,0,0,23
2025-04-28T12:51:41,23,0,0,23
2025-04-28T13:24:54,23,0,0,23
2025-04-28T13:58:18,23,0,0,23
2025-04-28T14:31:13,23,0,0,23
2025-04-28T15:04:18,23,0,0,23
2025-04-28T15:37:13,23,0,0,23
2025-04-28T16:10:09,23,0,0,23
2025-04-28T16:43:28,23,0,0,23
2025-04-28T17:16:23,23,0,0,23
2025-04-28T17:49:19,23,0,0,23
2025-04-28T18:22:16,23,0,0,23
2025-04-28T18:55:22,23,0,0,23
2025-04-28T19:28:18,23,0,0,23
2025-04-28T20:01:13,23,0,0,23
2025-04-28T20:34:07,23,0,0,23
2025-04-28T21:07:02,23,0,0,23
2025-04-28T21:40:10,23,0,0,23
2025-04-28T22:13:05,23,0,0,23
2025-04-28T22:46:02,23,0,0,23
2025-04-28T23:18:59,23,0,0,23
2025-04-28T23:51:56,23,0,0,23
2025-04-29T00:25:08,23,0,0,23
2025-04-29T00:58:10,23,0,0,23
2025-04-29T01:31:12,23,0,0,23
2025-04-29T02:04:13,23,0,0,23
2025-04-29T02:37:18,23,0,0,23
2025-04-29T03:10:37,23,0,0,23
2025-04-29T03:43:36,23,0,0,23
2025-04-29T04:31:37,23,0,0,23
2025-04-29T05:04:57,23,0,0,23
2025-04-29T05:38:00,23,0,0,23
2025-04-29T06:11:05,23,0,0,23
2025-04-29T06:44:07,23,0,0,23
2025-04-29T07:17:09,23,0,0,23
2025-04-29T07:50:07,23,0,0,23
2025-04-29T08:23:07,23,0,0,23
2025-04-29T08:56:14,23,0,0,23
2025-04-29T09:29:09,23,0,0,23
2025-04-29T10:02:04,23,0,0,23
2025-04-29T10:34:59,23,0,0,23
2025-04-29T11:07:55,23,0,0,23
2025-04-29T11:41:00,23,0,0,23
2025-04-29T12:13:55,23,0,0,23
2025-04-29T12:46:50,23,0,0,23
2025-04-29T13:19:56,23,0,0,23
2025-04-29T13:52:51,23,0,0,23
2025-04-29T14:25:45,23,0,0,23
2025-04-29T14:58:39,23,0,0,23
2025-04-29T15:31:47,23,0,0,23
2025-04-29T16:04:44,23,0,0,23
2025-04-29T16:37:40,23,0,0,23
2025-04-29T17:10:46,23,0,0,23
2025-04-29T17:43:41,23,0,0,23
2025-04-29T18:16:36,23,0,0,23
2025-04-29T18:49:30,23,0,0,23
2025-04-29T19:22:57,23,0,0,23
2025-04-29T19:57:26,23,0,0,23
2025-04-29T20:30:42,23,0,0,23
2025-04-29T21:03:37,23,0,0,23
2025-04-29T21:36:32,23,0,0,23
2025-04-29T22:09:39,23,0,0,23
2025-04-29T22:42:33,23,0,0,23
2025-04-29T23:15:32,23,0,0,23
2025-04-29T23:48:27,23,0,0,23
2025-04-30T00:22:26,23,0,0,23
2025-04-30T00:56:09,23,0,0,23
2025-04-30T01:29:10,23,0,0,23
2025-04-30T02:02:12,23,0,0,23
2025-04-30T02:35:12,23,0,0,23
2025-04-30T03:08:12,23,0,0,23
2025-04-30T03:41:17,23,0,0,23
2025-04-30T04:23:01,23,0,0,23
2025-04-30T04:56:03,23,0,0,23
2025-04-30T05:29:04,23,0,0,23
2025-04-30T06:02:09,23,0,0,23
2025-04-30T06:35:09,23,0,0,23
2025-04-30T07:08:11,23,0,0,23
2025-04-30T07:41:10,23,0,0,23
2025-04-30T08:14:08,23,0,0,23
2025-04-30T08:47:03,23,0,0,23
2025-04-30T09:20:01,23,0,0,23
2025-04-30T09:53:01,23,0,0,23
2025-04-30T10:25:56,23,0,0,23
2025-04-30T10:58:50,23,0,0,23
2025-04-30T11:31:44,23,0,0,23
2025-04-30T12:04:46,23,0,0,23
2025-04-30T12:37:41,23,0,0,23
2025-04-30T13:10:36,23,0,0,23
2025-04-30T13:43:42,23,0,0,23
2025-04-30T14:16:36,23,0,0,23
2025-04-30T14:49:30,23,0,0,23
2025-04-30T15:22:35,23,0,0,23
2025-04-30T15:55:29,23,0,0,23
2025-04-30T16:28:23,23,0,0,23
2025-04-30T17:01:17,23,0,0,23
2025-04-30T17:34:22,23,0,0,23
2025-04-30T18:07:17,23,0,0,23
2025-04-30T18:40:11,23,0,0,23
2025-04-30T19:13:15,23,0,0,23
2025-04-30T19:46:08,23,0,0,23
2025-04-30T20:19:03,23,0,0,23
2025-04-30T20:51:57,23,0,0,23
2025-04-30T21:24:52,23,0,0,23
2025-04-30T21:57:56,23,0,0,23
2025-04-30T22:30:50,23,0,0,23
2025-04-30T23:03:45,23,0,0,23
2025-04-30T23:36:41,23,0,0,23
2025-05-01T00:09:37,23,0,0,23
2025-05-01T00:42:39,23,0,0,23
2025-05-01T01:15:50,23,0,0,23
2025-05-01T01:48:52,23,0,0,23
2025-05-01T02:21:51,23,0,0,23
2025-05-01T02:54:56,23,0,0,23
2025-05-01T03:28:14,23,0,0,23
2025-05-01T04:03:37,23,0,0,23
2025-05-01T04:23:52,23,0,0,23
2025-05-01T04:56:53,23,0,0,23
2025-05-01T05:29:57,23,0,0,23
2025-05-01T06:02:59,23,0,0,23
2025-05-01T06:36:00,23,0,0,23
2025-05-01T07:09:06,23,0,0,23
2025-05-01T07:42:05,23,0,0,23
2025-05-01T08:15:01,23,0,0,23
2025-05-01T08:47:58,23,0,0,23
2025-05-01T09:20:57,23,0,0,23
2025-05-01T09:54:01,23,0,0,23
2025-05-01T10:26:55,23,0,0,23
2025-05-01T10:59:50,23,0,0,23
2025-05-01T11:32:49,23,0,0,23
2025-05-01T12:05:55,23,0,0,23
2025-05-01T12:38:50,23,0,0,23
2025-05-01T13:11:46,23,0,0,23
2025-05-01T13:44:41,23,0,0,23
2025-05-01T14:17:46,23,0,0,23
2025-05-01T14:50:43,23,0,0,23
2025-05-01T15:23:40,23,0,0,23
2025-05-01T15:56:47,23,0,0,23
2025-05-01T16:29:46,23,0,0,23
2025-05-01T17:02:41,23,0,0,23
2025-05-01T17:35:50,23,0,0,23
2025-05-01T18:08:46,23,0,0,23
2025-05-01T18:41:44,23,0,0,23
2025-05-01T19:14:48,23,0,0,23
2025-05-01T19:47:53,23,0,0,23
2025-05-01T20:20:51,23,0,0,23
2025-05-01T20:53:49,23,0,0,23
2025-05-01T21:26:58,23,0,0,23
2025-05-01T21:59:54,23,0,0,23
2025-05-01T22:32:53,23,0,0,23
2025-05-01T23:06:07,23,0,0,23
2025-05-01T23:39:08,23,0,0,23
2025-05-02T00:12:07,23,0,0,23
2025-05-02T00:45:16,23,0,0,23
2025-05-02T01:18:21,23,0,0,23
2025-05-02T01:51:34,23,0,0,23
2025-05-02T02:24:48,23,0,0,23
2025-05-02T02:57:49,23,0,0,23
2025-05-02T03:30:50,23,0,0,23
2025-05-02T04:03:52,23,0,0,23
2025-05-02T04:31:45,23,0,0,23
2025-05-02T05:05:04,23,0,0,23
2025-05-02T05:38:08,23,0,0,23
2025-05-02T06:11:11,23,0,0,23
2025-05-02T06:44:14,23,0,0,23
2025-05-02T07:17:16,23,0,0,23
2025-05-02T07:50:16,23,0,0,23
2025-05-02T08:23:14,23,0,0,23
2025-05-02T08:56:22,23,0,0,23
2025-05-02T09:29:20,23,0,0,23
2025-05-02T10:02:17,23,0,0,23
2025-05-02T10:35:17,23,0,0,23
2025-05-02T11:08:23,23,0,0,23
2025-05-02T11:41:18,23,0,0,23
2025-05-02T12:14:13,23,0,0,23
2025-05-02T12:47:19,23,0,0,23
2025-05-02T13:20:15,23,0,0,23
2025-05-02T13:53:11,23,0,0,23
2025-05-02T14:26:17,23,0,0,23
2025-05-02T14:59:12,23,0,0,23
2025-05-02T15:32:07,23,0,0,23
2025-05-02T16:05:11,23,0,0,23
2025-05-02T16:38:07,23,0,0,23
2025-05-02T17:11:13,23,0,0,23
2025-05-02T17:44:08,23,0,0,23
2025-05-02T18:17:04,23,0,0,23
2025-05-02T18:49:58,23,0,0,23
2025-05-02T19:23:04,23,0,0,23
2025-05-02T19:55:58,23,0,0,23
2025-05-02T20:28:54,23,0,0,23
2025-05-02T21:01:48,23,0,0,23
2025-05-02T21:34:43,23,0,0,23
2025-05-02T22:07:40,23,0,0,23
2025-05-02T22:40:36,23,0,0,23
2025-05-02T23:13:43,23,0,0,23
2025-05-02T23:46:40,23,0,0,23
2025-05-03T00:19:54,23,0,0,23
2025-05-03T00:52:59,23,0,0,23
2025-05-03T01:26:00,23,0,0,23
2025-05-03T01:59:03,23,0,0,23
2025-05-03T02:32:25,23,0,0,23
2025-05-03T03:05:27,23,0,0,23
2025-05-03T03:38:27,23,0,0,23
2025-05-03T04:11:37,23,0,0,23
2025-05-04T21:46:34,23,0,0,23
2025-05-04T22:19:33,23,0,0,23
2025-05-04T22:52:28,23,0,0,23
2025-05-04T23:25:25,23,0,0,23
2025-05-04T23:58:20,23,0,0,23
2025-05-05T00:32:00,23,0,0,23
2025-05-05T01:05:06,23,0,0,23
2025-05-05T01:38:11,23,0,0,23
2025-05-05T02:11:46,23,0,0,23
2025-05-05T02:44:45,23,0,0,23
2025-05-05T03:17:43,23,0,0,23
2025-05-05T03:50:42,23,0,0,23
2025-05-05T04:36:06,23,0,0,23
2025-05-05T05:09:09,23,0,0,23
2025-05-05T05:42:10,23,0,0,23
2025-05-05T06:15:13,23,0,0,23
2025-05-05T06:48:17,23,0,0,23
2025-05-05T07:21:17,23,0,0,23
2025-05-05T07:54:16,23,0,0,23
2025-05-05T08:27:14,23,0,0,23
2025-05-05T09:00:20,23,0,0,23
2025-05-05T09:33:15,23,0,0,23
2025-05-05T10:06:12,23,0,0,23
2025-05-05T10:39:06,23,0,0,23
2025-05-05T11:12:14,23,0,0,23
2025-05-05T11:45:08,23,0,0,23
2025-05-05T12:18:05,23,0,0,23
2025-05-05T12:51:03,23,0,0,23
2025-05-05T13:24:07,23,0,0,23
2025-05-05T13:57:01,23,0,0,23
2025-05-05T14:29:57,23,0,0,23
2025-05-05T15:03:02,23,0,0,23
2025-05-05T15:35:58,23,0,0,23
2025-05-05T16:08:53,23,0,0,23
2025-05-05T16:41:47,23,0,0,23
2025-05-05T17:14:52,23,0,0,23
2025-05-05T17:47:47,23,0,0,23
2025-05-05T18:20:45,23,0,0,23
2025-05-05T18:53:53,23,0,0,23
2025-05-05T19:26:48,23,0,0,23
2025-05-05T19:59:43,23,0,0,23
2025-05-05T20:32:40,23,0,0,23
2025-05-05T21:05:34,23,0,0,23
2025-05-05T21:38:39,23,0,0,23
2025-05-05T22:11:35,23,0,0,23
2025-05-05T22:44:30,23,0,0,23
2025-05-05T23:17:27,23,0,0,23
2025-05-05T23:50:25,23,0,0,23
2025-05-06T00:23:25,23,0,0,23
2025-05-06T00:56:40,23,0,0,23
2025-05-06T01:29:41,23,0,0,23
2025-05-06T02:02:42,23,0,0,23
2025-05-06T02:35:40,23,0,0,23
2025-05-06T03:09:06,23,0,0,23
2025-05-06T03:42:05,23,0,0,23
2025-05-06T04:15:17,23,0,0,23
2025-05-06T04:36:37,23,0,0,23
2025-05-06T05:09:42,23,0,0,23
2025-05-06T05:42:43,23,0,0,23
2025-05-06T06:15:45,23,0,0,23
2025-05-06T06:48:49,23,0,0,23
2025-05-06T07:21:52,23,0,0,23
2025-05-06T07:54:50,23,0,0,23
2025-05-06T08:27:47,23,0,0,23
2025-05-06T09:00:53,23,0,0,23
2025-05-06T09:33:48,23,0,0,23
2025-05-06T10:06:44,23,0,0,23
2025-05-06T10:39:52,23,0,0,23
2025-05-06T11:12:48,23,0,0,23
2025-05-06T11:45:46,23,0,0,23
2025-05-06T12:18:43,23,0,0,23
2025-05-06T12:51:50,23,0,0,23
2025-05-06T13:24:46,23,0,0,23
2025-05-06T13:57:41,23,0,0,23
2025-05-06T14:30:48,23,0,0,23
2025-05-06T15:03:44,23,0,0,23
2025-05-06T15:36:40,23,0,0,23
2025-05-06T16:09:45,23,0,0,23
2025-05-06T16:42:43,23,0,0,23
2025-05-06T17:15:39,23,0,0,23
2025-05-06T17:48:46,23,0,0,23
2025-05-06T18:21:42,23,0,0,23
2025-05-06T18:54:37,23,0,0,23
2025-05-06T19:27:31,23,0,0,23
2025-05-06T20:00:37,23,0,0,23
2025-05-06T20:33:32,23,0,0,23
2025-05-06T21:06:28,23,0,0,23
2025-05-06T21:39:25,23,0,0,23
2025-05-06T22:12:21,23,0,0,23
2025-05-06T22:45:28,23,0,0,23
2025-05-06T23:18:24,23,0,0,23
2025-05-06T23:51:20,23,0,0,23
2025-05-07T00:24:23,23,0,0,23
2025-05-07T00:57:28,23,0,0,23
2025-05-07T01:30:30,23,0,0,23
2025-05-07T02:03:30,23,0,0,23
2025-05-07T02:36:40,23,0,0,23
2025-05-07T03:09:38,23,0,0,23
2025-05-07T03:42:39,23,0,0,23
2025-05-07T04:24:40,23,0,0,23
2025-05-07T04:59:18,23,0,0,23
2025-05-07T05:32:31,23,0,0,23
2025-05-07T06:05:34,23,0,0,23
2025-05-07T06:38:37,23,0,0,23
2025-05-07T07:11:40,23,0,0,23
2025-05-07T07:44:40,23,0,0,23
2025-05-07T08:17:38,23,0,0,23
2025-05-07T08:50:52,23,0,0,23
2025-05-07T09:23:51,23,0,0,23
2025-05-07T09:56:49,23,0,0,23
2025-05-07T10:29:46,23,0,0,23
2025-05-07T11:02:46,23,0,0,23
2025-05-07T11:35:54,23,0,0,23
2025-05-07T12:08:51,23,0,0,23
2025-05-07T12:41:48,23,0,0,23
2025-05-07T13:14:53,23,0,0,23
2025-05-07T13:47:49,23,0,0,23
2025-05-07T14:20:44,23,0,0,23
2025-05-07T14:53:48,23,0,0,23
2025-05-07T15:26:46,23,0,0,23
2025-05-07T15:59:53,23,0,0,23
2025-05-07T16:32:49,23,0,0,23
2025-05-07T17:05:45,23,0,0,23
2025-05-07T17:38:41,23,0,0,23
2025-05-07T18:11:47,23,0,0,23
2025-05-07T18:44:43,23,0,0,23
2025-05-07T19:17:40,23,0,0,23
2025-05-07T19:50:36,23,0,0,23
2025-05-07T20:23:32,23,0,0,23
2025-05-07T20:56:37,23,0,0,23
2025-05-07T21:29:31,23,0,0,23
2025-05-07T22:02:26,23,0,0,23
2025-05-07T22:35:22,23,0,0,23
2025-05-07T23:08:22,23,0,0,23
2025-05-07T23:41:28,23,0,0,23
2025-05-08T00:14:25,23,0,0,23
2025-05-08T00:47:29,23,0,0,23
2025-05-08T01:20:32,23,0,0,23
2025-05-08T01:53:32,23,0,0,23
2025-05-08T02:26:42,23,0,0,23
2025-05-08T03:00:05,23,0,0,23
2025-05-08T03:33:04,23,0,0,23
2025-05-08T04:07:53,23,0,0,23
2025-05-08T04:36:14,23,0,0,23
2025-05-08T05:09:16,23,0,0,23
2025-05-08T05:42:18,23,0,0,23
2025-05-08T06:15:20,23,0,0,23
2025-05-08T06:48:25,23,0,0,23
2025-05-08T07:21:26,23,0,0,23
2025-05-08T07:54:24,23,0,0,23
2025-05-08T08:27:24,23,0,0,23
2025-05-08T09:00:33,23,0,0,23
2025-05-08T09:33:29,23,0,0,23
2025-05-08T10:06:24,23,0,0,23
2025-05-08T10:39:20,23,0,0,23
2025-05-08T11:12:18,23,0,0,23
2025-05-08T11:45:23,23,0,0,23
2025-05-08T12:18:20,23,0,0,23
2025-05-08T12:51:30,23,0,0,23
2025-05-08T13:24:25,23,0,0,23
2025-05-08T13:57:20,23,0,0,23
2025-05-08T14:30:27,23,0,0,23
2025-05-08T15:03:23,23,0,0,23
2025-05-08T15:36:19,23,0,0,23
2025-05-08T16:09:27,23,0,0,23
2025-05-08T16:42:22,23,0,0,23
2025-05-08T17:15:22,23,0,0,23
2025-05-08T17:48:17,23,0,0,23
2025-05-08T18:21:25,23,0,0,23
2025-05-08T18:54:23,23,0,0,23
2025-05-08T19:27:20,23,0,0,23
2025-05-08T20:00:16,23,0,0,23
2025-05-08T20:33:11,23,0,0,23
2025-05-08T21:06:17,23,0,0,23
2025-05-08T21:39:12,23,0,0,23
2025-05-08T22:12:08,23,0,0,23
2025-05-08T22:45:05,23,0,0,23
2025-05-08T23:18:02,23,0,0,23
2025-05-08T23:50:57,23,0,0,23
2025-05-09T00:24:13,23,0,0,23
2025-05-09T00:57:18,23,0,0,23
2025-05-09T01:30:22,23,0,0,23
2025-05-09T02:03:25,23,0,0,23
2025-05-09T02:36:35,23,0,0,23
2025-05-09T03:09:43,23,0,0,23
2025-05-09T03:42:44,23,0,0,23
2025-05-09T04:31:30,23,0,0,23
2025-05-09T05:04:54,23,0,0,23
2025-05-09T05:37:55,23,0,0,23
2025-05-09T06:10:57,23,0,0,23
2025-05-09T06:44:00,23,0,0,23
2025-05-09T07:17:02,23,0,0,23
2025-05-09T07:50:00,23,0,0,23
2025-05-09T08:22:57,23,0,0,23
2025-05-09T08:55:53,23,0,0,23
2025-05-09T09:29:00,23,0,0,23
2025-05-09T10:01:57,23,0,0,23
2025-05-09T10:34:53,23,0,0,23
2025-05-09T11:07:48,23,0,0,23
2025-05-09T11:40:44,23,0,0,23
2025-05-09T12:13:57,23,0,0,23
2025-05-09T12:46:52,23,0,0,23
2025-05-09T13:19:47,23,0,0,23
2025-05-09T13:52:43,23,0,0,23
2025-05-09T14:25:48,23,0,0,23
2025-05-09T14:58:43,23,0,0,23
2025-05-09T15:31:39,23,0,0,23
2025-05-09T16:04:38,23,0,0,23
2025-05-09T16:37:44,23,0,0,23
2025-05-09T17:10:41,23,0,0,23
2025-05-09T17:43:36,23,0,0,23
2025-05-09T18:16:32,23,0,0,23
2025-05-09T18:49:26,23,0,0,23
2025-05-09T19:22:30,23,0,0,23
2025-05-09T19:55:25,23,0,0,23
2025-05-09T20:28:20,23,0,0,23
2025-05-09T21:01:15,23,0,0,23
2025-05-09T21:34:12,23,0,0,23
2025-05-09T22:07:07,23,0,0,23
2025-05-09T22:40:13,23,0,0,23
2025-05-09T23:13:11,23,0,0,23
2025-05-09T23:46:09,23,0,0,23
2025-05-10T00:19:49,23,0,0,23
2025-05-10T00:52:53,23,0,0,23
2025-05-10T01:25:54,23,0,0,23
2025-05-10T01:58:55,23,0,0,23
2025-05-10T02:32:06,23,0,0,23
2025-05-10T03:05:16,23,0,0,23
2025-05-10T03:38:15,23,0,0,23
2025-05-10T04:13:45,23,0,0,23
2025-05-10T04:33:36,23,0,0,23
2025-05-10T05:06:41,23,0,0,23
2025-05-10T05:39:43,23,0,0,23
2025-05-10T06:12:48,23,0,0,23
2025-05-10T06:45:52,23,0,0,23
2025-05-10T07:18:55,23,0,0,23
2025-05-10T07:51:53,23,0,0,23
2025-05-10T08:24:58,23,0,0,23
2025-05-10T08:57:56,23,0,0,23
2025-05-10T09:30:51,23,0,0,23
2025-05-10T10:03:45,23,0,0,23
2025-05-10T10:36:39,23,0,0,23
2025-05-10T11:09:57,23,0,0,23
2025-05-10T11:42:52,23,0,0,23
2025-05-10T12:15:55,23,0,0,23
2025-05-10T12:48:50,23,0,0,23
2025-05-10T13:21:44,23,0,0,23
2025-05-10T13:54:39,23,0,0,23
2025-05-10T14:27:34,23,0,0,23
2025-05-10T15:00:28,23,0,0,23
2025-05-10T15:33:33,23,0,0,23
2025-05-10T16:06:27,23,0,0,23
2025-05-10T16:39:21,23,0,0,23
2025-05-10T17:12:16,23,0,0,23
2025-05-10T17:45:20,23,0,0,23
2025-05-10T18:18:16,23,0,0,23
2025-05-10T18:51:13,23,0,0,23
2025-05-10T19:24:08,23,0,0,23
2025-05-10T19:57:03,23,0,0,23
2025-05-10T20:29:58,23,0,0,23
2025-05-10T21:02:53,23,0,0,23
2025-05-10T21:35:48,23,0,0,23
2025-05-10T22:08:53,23,0,0,23
2025-05-10T22:41:47,23,0,0,23
2025-05-10T23:14:43,23,0,0,23
2025-05-10T23:47:38,23,0,0,23
2025-05-11T00:20:37,23,0,0,23
2025-05-11T00:53:46,23,0,0,23
2025-05-11T01:26:52,23,0,0,23
2025-05-11T01:59:55,23,0,0,23
2025-05-11T02:33:07,23,0,0,23
2025-05-11T03:06:04,23,0,0,23
2025-05-11T03:39:06,23,0,0,23
2025-05-11T04:25:39,23,0,0,23
2025-05-11T04:58:50,23,0,0,23
2025-05-11T05:32:04,23,0,0,23
2025-05-11T06:05:09,23,0,0,23
2025-05-11T06:38:15,23,0,0,23
2025-05-11T07:11:19,23,0,0,23
2025-05-11T07:44:26,23,0,0,23
2025-05-11T08:17:29,23,0,0,23
2025-05-11T08:50:29,23,0,0,23
2025-05-11T09:23:35,23,0,0,23
2025-05-11T09:56:34,23,0,0,23
2025-05-11T10:29:45,23,0,0,23
2025-05-11T11:02:53,23,0,0,23
2025-05-11T11:36:00,23,0,0,23
2025-05-11T12:08:57,23,0,0,23
2025-05-11T12:42:04,23,0,0,23
2025-05-11T13:14:59,23,0,0,23
2025-05-11T13:47:55,23,0,0,23
2025-05-11T14:20:49,23,0,0,23
2025-05-11T14:53:44,23,0,0,23
2025-05-11T15:26:39,23,0,0,23
2025-05-11T15:59:45,23,0,0,23
2025-05-11T16:32:40,23,0,0,23
2025-05-11T17:05:35,23,0,0,23
2025-05-11T17:38:31,23,0,0,23
2025-05-11T18:11:27,23,0,0,23
2025-05-11T18:44:22,23,0,0,23
2025-05-11T19:17:30,23,0,0,23
2025-05-11T19:50:29,23,0,0,23
2025-05-11T20:23:26,23,0,0,23
2025-05-11T20:56:21,23,0,0,23
2025-05-11T21:29:19,23,0,0,23
2025-05-11T22:02:18,23,0,0,23
2025-05-11T22:35:26,23,0,0,23
2025-05-11T23:08:24,23,0,0,23
2025-05-11T23:41:22,23,0,0,23
2025-05-12T00:14:42,23,0,0,23
2025-05-12T00:47:48,23,0,0,23
2025-05-12T01:20:52,23,0,0,23
2025-05-12T01:53:54,23,0,0,23
2025-05-12T02:27:20,23,0,0,23
2025-05-12T03:00:19,23,0,0,23
2025-05-12T03:33:19,23,0,0,23
2025-05-12T04:06:18,23,0,0,23
2025-05-14T10:13:01,23,0,0,23
2025-05-14T10:45:56,23,0,0,23
2025-05-14T11:18:51,23,0,0,23
2025-05-14T11:51:47,23,0,0,23
2025-05-14T12:24:59,23,0,0,23
2025-05-14T12:58:38,23,0,0,23
2025-05-14T13:31:34,23,0,0,23
2025-05-14T14:04:38,23,0,0,23
2025-05-14T14:37:33,23,0,0,23
2025-05-14T15:10:29,23,0,0,23
2025-05-14T15:43:39,23,0,0,23
2025-05-14T16:16:34,23,0,0,23
2025-05-14T16:49:29,23,0,0,23
2025-05-14T17:22:25,23,0,0,23
2025-05-14T17:55:19,23,0,0,23
2025-05-14T18:28:24,23,0,0,23
2025-05-14T19:01:19,23,0,0,23
2025-05-14T19:34:14,23,0,0,23
2025-05-14T20:07:08,23,0,0,23
2025-05-14T20:40:18,23,0,0,23
2025-05-14T21:13:12,23,0,0,23
2025-05-14T21:46:06,23,0,0,23
2025-05-14T22:19:00,23,0,0,23
2025-05-14T22:51:54,23,0,0,23
2025-05-14T23:24:49,23,0,0,23
2025-05-14T23:57:53,23,0,0,23
2025-05-15T00:30:55,23,0,0,23
2025-05-15T01:03:59,23,0,0,23
2025-05-15T01:36:59,23,0,0,23
2025-05-15T02:10:00,23,0,0,23
2025-05-15T02:43:08,23,0,0,23
2025-05-15T03:16:22,23,0,0,23
2025-05-15T03:49:19,23,0,0,23
