time,enrolled,available,waitlisted,total
2025-02-04T18:41:34,0,25,0,25
2025-02-04T19:12:22,0,25,0,25
2025-02-04T19:43:09,0,25,0,25
2025-02-04T20:14:04,0,25,0,25
2025-02-04T20:44:51,0,25,0,25
2025-02-04T21:15:37,0,25,0,25
2025-02-04T21:46:31,0,25,0,25
2025-02-04T22:17:17,0,25,0,25
2025-02-04T22:48:02,0,25,0,25
2025-02-04T23:18:58,0,25,0,25
2025-02-04T23:49:44,0,25,0,25
2025-02-05T00:20:35,0,25,0,25
2025-02-05T00:51:27,0,25,0,25
2025-02-05T01:22:18,0,25,0,25
2025-02-05T01:53:13,0,25,0,25
2025-02-05T02:24:06,0,25,0,25
2025-02-05T02:54:55,0,25,0,25
2025-02-05T03:25:46,0,25,0,25
2025-02-05T03:56:42,0,25,0,25
2025-02-05T04:26:49,0,25,0,25
2025-02-05T04:57:43,0,25,0,25
2025-02-05T05:28:37,0,25,0,25
2025-02-05T05:59:29,0,25,0,25
2025-02-05T06:30:19,0,25,0,25
2025-02-05T07:01:08,0,25,0,25
2025-02-05T07:32:00,0,25,0,25
2025-02-05T08:02:47,0,25,0,25
2025-02-05T08:33:51,0,25,0,25
2025-02-05T09:04:45,0,25,0,25
2025-02-05T09:35:35,0,25,0,25
2025-02-05T10:06:23,0,25,0,25
2025-02-05T10:37:12,0,25,0,25
2025-02-05T11:08:01,0,25,0,25
2025-02-05T11:39:13,0,25,0,25
2025-02-05T12:10:00,0,25,0,25
2025-02-05T12:40:59,0,25,0,25
2025-02-05T13:11:47,0,25,0,25
2025-02-05T13:42:35,0,25,0,25
2025-02-05T14:13:34,0,25,0,25
2025-02-05T14:44:22,0,25,0,25
2025-02-05T15:15:19,0,25,0,25
2025-02-05T15:46:08,0,25,0,25
2025-02-05T16:16:56,0,25,0,25
2025-02-05T16:47:44,0,25,0,25
2025-02-05T17:18:41,0,25,0,25
2025-02-05T17:49:28,0,25,0,25
2025-02-05T18:20:15,0,25,0,25
2025-02-05T18:51:06,0,25,0,25
2025-02-05T19:21:53,0,25,0,25
2025-02-05T19:52:40,0,25,0,25
2025-02-05T20:23:26,0,25,0,25
2025-02-05T20:54:13,0,25,0,25
2025-02-05T21:25:01,0,25,0,25
2025-02-05T21:55:51,0,25,0,25
2025-02-05T22:27:03,0,25,0,25
2025-02-05T22:58:01,0,25,0,25
2025-02-05T23:28:50,0,25,0,25
2025-02-05T23:59:37,0,25,0,25
2025-02-06T00:30:29,0,25,0,25
2025-02-06T01:01:22,0,25,0,25
2025-02-06T01:32:15,0,25,0,25
2025-02-06T02:03:11,0,25,0,25
2025-02-06T02:34:19,0,25,0,25
2025-02-06T03:05:08,0,25,0,25
2025-02-06T03:36:07,0,25,0,25
2025-02-06T04:06:56,0,25,0,25
2025-02-06T04:28:23,0,25,0,25
2025-02-06T04:59:17,0,25,0,25
2025-02-06T05:30:15,0,25,0,25
2025-02-06T06:01:07,0,25,0,25
2025-02-06T06:31:59,0,25,0,25
2025-02-06T07:02:50,0,25,0,25
2025-02-06T07:33:39,0,25,0,25
2025-02-06T08:04:27,0,25,0,25
2025-02-06T08:35:15,0,25,0,25
2025-02-06T09:06:10,0,25,0,25
2025-02-06T09:36:57,0,25,0,25
2025-02-06T10:07:45,0,25,0,25
2025-02-06T10:38:33,0,25,0,25
2025-02-06T11:09:22,0,25,0,25
2025-02-06T11:40:23,0,25,0,25
2025-02-06T12:11:10,0,25,0,25
2025-02-06T12:41:59,0,25,0,25
2025-02-06T13:12:59,0,25,0,25
2025-02-06T13:43:47,0,25,0,25
2025-02-06T14:14:34,0,25,0,25
2025-02-06T14:45:21,0,25,0,25
2025-02-06T15:16:20,0,25,0,25
2025-02-06T15:47:09,0,25,0,25
2025-02-06T16:18:05,0,25,0,25
2025-02-06T16:49:00,0,25,0,25
2025-02-06T17:20:05,0,25,0,25
2025-02-06T17:50:59,0,25,0,25
2025-02-06T18:21:53,0,25,0,25
2025-02-06T18:52:57,0,25,0,25
2025-02-06T19:23:58,0,25,0,25
2025-02-06T19:54:52,0,25,0,25
2025-02-06T20:25:46,0,25,0,25
2025-02-06T20:56:41,0,25,0,25
2025-02-06T21:27:34,0,25,0,25
2025-02-06T21:58:42,0,25,0,25
2025-02-06T22:29:37,0,25,0,25
2025-02-06T23:00:31,0,25,0,25
2025-02-06T23:31:27,0,25,0,25
2025-02-07T00:02:22,0,25,0,25
2025-02-07T00:33:17,0,25,0,25
2025-02-07T01:04:15,0,25,0,25
2025-02-07T01:35:22,0,25,0,25
2025-02-07T02:06:25,0,25,0,25
2025-02-07T02:37:21,0,25,0,25
2025-02-07T03:08:21,0,25,0,25
2025-02-07T03:39:19,0,25,0,25
2025-02-07T04:12:12,0,25,0,25
2025-02-07T04:37:06,0,25,0,25
2025-02-07T05:08:05,0,25,0,25
2025-02-07T05:39:04,0,25,0,25
2025-02-07T06:10:02,0,25,0,25
2025-02-07T06:40:58,0,25,0,25
2025-02-07T07:11:55,0,25,0,25
2025-02-07T07:42:49,0,25,0,25
2025-02-07T08:13:42,0,25,0,25
2025-02-07T08:44:51,0,25,0,25
2025-02-07T09:15:51,0,25,0,25
2025-02-07T09:46:50,0,25,0,25
2025-02-07T10:18:02,0,25,0,25
2025-02-07T10:49:07,0,25,0,25
2025-02-07T11:20:27,0,25,0,25
2025-02-07T11:51:43,0,25,0,25
2025-02-07T12:22:58,0,25,0,25
2025-02-07T12:54:35,0,25,0,25
2025-02-07T13:26:13,0,25,0,25
2025-02-07T13:57:41,0,25,0,25
2025-02-07T14:29:15,0,25,0,25
2025-02-07T15:00:31,0,25,0,25
2025-02-07T15:31:47,0,25,0,25
2025-02-07T16:02:54,0,25,0,25
2025-02-07T16:34:08,0,25,0,25
2025-02-07T17:05:23,0,25,0,25
2025-02-07T17:36:29,0,25,0,25
2025-02-07T18:07:42,0,25,0,25
2025-02-07T18:38:49,0,25,0,25
2025-02-07T19:10:04,0,25,0,25
2025-02-07T19:41:10,0,25,0,25
2025-02-07T20:12:24,0,25,0,25
2025-02-07T20:43:28,0,25,0,25
2025-02-07T21:14:33,0,25,0,25
2025-02-07T21:45:49,0,25,0,25
2025-02-07T22:16:54,0,25,0,25
2025-02-07T22:47:58,0,25,0,25
2025-02-07T23:19:12,0,25,0,25
2025-02-07T23:50:16,0,25,0,25
2025-02-08T00:21:23,0,25,0,25
2025-02-08T00:52:31,0,25,0,25
2025-02-08T01:23:47,0,25,0,25
2025-02-08T01:54:56,0,25,0,25
2025-02-08T02:26:03,0,25,0,25
2025-02-08T02:57:07,0,25,0,25
2025-02-08T03:28:14,0,25,0,25
2025-02-08T03:59:22,0,25,0,25
2025-02-08T04:34:40,0,25,0,25
2025-02-08T05:05:52,0,25,0,25
2025-02-08T05:37:01,0,25,0,25
2025-02-08T06:08:09,0,25,0,25
2025-02-08T06:39:18,0,25,0,25
2025-02-08T07:10:31,0,25,0,25
2025-02-08T07:41:40,0,25,0,25
2025-02-08T08:12:48,0,25,0,25
2025-02-08T08:44:03,0,25,0,25
2025-02-08T09:15:09,0,25,0,25
2025-02-08T09:46:14,0,25,0,25
2025-02-08T10:17:19,0,25,0,25
2025-02-08T10:48:23,0,25,0,25
2025-02-08T11:19:29,0,25,0,25
2025-02-08T11:50:44,0,25,0,25
2025-02-08T12:21:49,0,25,0,25
2025-02-08T12:52:54,0,25,0,25
2025-02-08T13:24:08,0,25,0,25
2025-02-08T13:55:13,0,25,0,25
2025-02-08T14:26:18,0,25,0,25
2025-02-08T14:57:23,0,25,0,25
2025-02-08T15:28:37,0,25,0,25
2025-02-08T15:59:42,0,25,0,25
2025-02-08T16:30:47,0,25,0,25
2025-02-08T17:02:01,0,25,0,25
2025-02-08T17:33:06,0,25,0,25
2025-02-08T18:04:10,0,25,0,25
2025-02-08T18:35:15,0,25,0,25
2025-02-08T19:06:30,0,25,0,25
2025-02-08T19:37:34,0,25,0,25
2025-02-08T20:08:38,0,25,0,25
2025-02-08T20:39:42,0,25,0,25
2025-02-08T21:10:46,0,25,0,25
2025-02-08T21:42:01,0,25,0,25
2025-02-08T22:13:05,0,25,0,25
2025-02-08T22:44:09,0,25,0,25
2025-02-08T23:15:14,0,25,0,25
2025-02-08T23:46:29,0,25,0,25
2025-02-09T00:17:34,0,25,0,25
2025-02-09T00:48:41,0,25,0,25
2025-02-09T01:19:47,0,25,0,25
2025-02-09T01:50:51,0,25,0,25
2025-02-09T02:21:56,0,25,0,25
2025-02-09T02:53:00,0,25,0,25
2025-02-09T03:24:15,0,25,0,25
2025-02-09T03:55:27,0,25,0,25
2025-02-09T04:32:45,0,25,0,25
2025-02-09T05:03:57,0,25,0,25
2025-02-09T05:35:08,0,25,0,25
2025-02-09T06:06:18,0,25,0,25
2025-02-09T06:37:27,0,25,0,25
2025-02-09T07:08:36,0,25,0,25
2025-02-09T07:39:46,0,25,0,25
2025-02-09T08:12:03,0,25,0,25
2025-02-09T08:43:11,0,25,0,25
2025-02-09T09:14:33,0,25,0,25
2025-02-09T09:45:40,0,25,0,25
2025-02-09T10:17:05,0,25,0,25
2025-02-09T10:48:12,0,25,0,25
2025-02-09T11:19:21,0,25,0,25
2025-02-09T11:50:25,0,25,0,25
2025-02-09T12:21:40,0,25,0,25
2025-02-09T12:52:44,0,25,0,25
2025-02-09T13:23:48,0,25,0,25
2025-02-09T13:54:52,0,25,0,25
2025-02-09T14:26:07,0,25,0,25
2025-02-09T14:57:12,0,25,0,25
2025-02-09T15:28:17,0,25,0,25
2025-02-09T15:59:34,0,25,0,25
2025-02-09T16:30:39,0,25,0,25
2025-02-09T17:01:43,0,25,0,25
2025-02-09T17:32:48,0,25,0,25
2025-02-09T18:04:02,0,25,0,25
2025-02-09T18:35:06,0,25,0,25
2025-02-09T19:06:11,0,25,0,25
2025-02-09T19:37:35,0,25,0,25
2025-02-09T20:08:39,0,25,0,25
2025-02-09T20:39:44,0,25,0,25
2025-02-09T21:10:49,0,25,0,25
2025-02-09T21:42:05,0,25,0,25
2025-02-09T22:13:10,0,25,0,25
2025-02-09T22:44:14,0,25,0,25
2025-02-09T23:15:19,0,25,0,25
2025-02-09T23:46:34,0,25,0,25
2025-02-10T00:17:40,0,25,0,25
2025-02-10T00:48:49,0,25,0,25
2025-02-10T01:20:00,0,25,0,25
2025-02-10T01:51:09,0,25,0,25
2025-02-10T02:22:28,0,25,0,25
2025-02-10T02:53:34,0,25,0,25
2025-02-10T03:24:42,0,25,0,25
2025-02-10T03:55:49,0,25,0,25
2025-02-10T04:28:00,0,25,0,25
2025-02-10T04:59:12,0,25,0,25
2025-02-10T05:30:21,0,25,0,25
2025-02-10T06:01:30,0,25,0,25
2025-02-10T06:32:38,0,25,0,25
2025-02-10T07:03:46,0,25,0,25
2025-02-10T07:34:56,0,25,0,25
2025-02-10T08:06:01,0,25,0,25
2025-02-10T08:37:06,0,25,0,25
2025-02-10T09:08:21,0,25,0,25
2025-02-10T09:39:27,0,25,0,25
2025-02-10T10:10:34,0,25,0,25
2025-02-10T10:41:55,0,25,0,25
2025-02-10T11:13:02,0,25,0,25
2025-02-10T11:44:32,0,25,0,25
2025-02-10T12:15:41,0,25,0,25
2025-02-10T12:46:59,0,25,0,25
2025-02-10T13:21:24,0,25,0,25
2025-02-10T13:57:32,0,25,0,25
2025-02-10T14:28:57,0,25,0,25
2025-02-10T15:00:28,0,25,0,25
2025-02-10T15:31:42,0,25,0,25
2025-02-10T16:03:11,0,25,0,25
2025-02-10T16:34:23,0,25,0,25
2025-02-10T17:05:45,0,25,0,25
2025-02-10T17:36:58,0,25,0,25
2025-02-10T18:08:30,0,25,0,25
2025-02-10T18:39:41,0,25,0,25
2025-02-10T19:10:52,0,25,0,25
2025-02-10T19:42:24,0,25,0,25
2025-02-10T20:13:36,0,25,0,25
2025-02-10T20:44:48,0,25,0,25
2025-02-10T21:16:11,0,25,0,25
2025-02-10T21:47:25,0,25,0,25
2025-02-10T22:18:38,0,25,0,25
2025-02-10T22:50:00,0,25,0,25
2025-02-10T23:21:11,0,25,0,25
2025-02-10T23:52:22,0,25,0,25
2025-02-11T00:23:37,0,25,0,25
2025-02-11T00:55:03,0,25,0,25
2025-02-11T01:26:20,0,25,0,25
2025-02-11T01:57:39,0,25,0,25
2025-02-11T02:28:53,0,25,0,25
2025-02-11T03:00:05,0,25,0,25
2025-02-11T03:31:19,0,25,0,25
2025-02-11T04:02:35,0,25,0,25
2025-02-11T04:38:16,0,25,0,25
2025-02-11T05:09:48,0,25,0,25
2025-02-11T05:41:05,0,25,0,25
2025-02-11T06:12:21,0,25,0,25
2025-02-11T06:43:36,0,25,0,25
2025-02-11T07:14:55,0,25,0,25
2025-02-11T07:46:09,0,25,0,25
2025-02-11T08:17:26,0,25,0,25
2025-02-11T08:48:42,0,25,0,25
2025-02-11T09:20:15,0,25,0,25
2025-02-11T09:51:26,0,25,0,25
2025-02-11T10:22:49,0,25,0,25
2025-02-11T10:54:03,0,25,0,25
2025-02-11T11:25:33,0,25,0,25
2025-02-11T11:56:47,0,25,0,25
2025-02-11T12:28:13,0,25,0,25
2025-02-11T12:59:25,0,25,0,25
2025-02-11T13:30:48,0,25,0,25
2025-02-11T14:02:00,0,25,0,25
2025-02-11T14:33:26,0,25,0,25
2025-02-11T15:04:41,0,25,0,25
2025-02-11T15:36:06,0,25,0,25
2025-02-11T16:07:18,0,25,0,25
2025-02-11T16:38:46,0,25,0,25
2025-02-11T17:10:03,0,25,0,25
2025-02-11T17:41:31,0,25,0,25
2025-02-11T18:12:44,0,25,0,25
2025-02-11T18:44:06,0,25,0,25
2025-02-11T19:15:19,0,25,0,25
2025-02-11T19:46:32,0,25,0,25
2025-02-11T20:17:55,0,25,0,25
2025-02-11T20:49:08,0,25,0,25
2025-02-11T21:20:21,0,25,0,25
2025-02-11T21:51:55,0,25,0,25
2025-02-11T22:23:10,0,25,0,25
2025-02-11T22:54:32,0,25,0,25
2025-02-11T23:25:47,0,25,0,25
2025-02-11T23:57:00,0,25,0,25
2025-02-12T00:28:26,0,25,0,25
2025-02-12T00:59:43,0,25,0,25
2025-02-12T01:31:00,0,25,0,25
2025-02-12T02:02:22,0,25,0,25
2025-02-12T02:33:40,0,25,0,25
2025-02-12T03:04:58,0,25,0,25
2025-02-12T03:36:25,0,25,0,25
2025-02-12T04:07:51,0,25,0,25
2025-02-12T04:32:46,0,25,0,25
2025-02-12T05:05:44,0,25,0,25
2025-02-12T05:37:01,0,25,0,25
2025-02-12T06:08:20,0,25,0,25
2025-02-12T06:39:36,0,25,0,25
2025-02-12T07:10:54,0,25,0,25
2025-02-12T07:42:08,0,25,0,25
2025-02-12T08:13:21,0,25,0,25
2025-02-12T08:44:39,0,25,0,25
2025-02-12T09:16:11,0,25,0,25
2025-02-12T09:47:25,0,25,0,25
2025-02-12T10:18:37,0,25,0,25
2025-02-12T10:49:50,0,25,0,25
2025-02-12T11:21:16,0,25,0,25
2025-02-12T11:52:30,0,25,0,25
2025-02-12T12:23:57,0,25,0,25
2025-02-12T12:55:13,0,25,0,25
2025-02-12T13:26:51,0,25,0,25
2025-02-12T13:58:06,0,25,0,25
2025-02-12T14:29:37,0,25,0,25
2025-02-12T15:00:53,0,25,0,25
2025-02-12T15:32:30,0,25,0,25
2025-02-12T16:03:46,0,25,0,25
2025-02-12T16:35:14,0,25,0,25
2025-02-12T17:06:31,0,25,0,25
2025-02-12T17:38:07,0,25,0,25
2025-02-12T18:09:24,0,25,0,25
2025-02-12T18:40:40,0,25,0,25
2025-02-12T19:12:07,0,25,0,25
2025-02-12T19:43:23,0,25,0,25
2025-02-12T20:14:39,0,25,0,25
2025-02-12T20:46:04,0,25,0,25
2025-02-12T21:17:21,0,25,0,25
2025-02-12T21:48:37,0,25,0,25
2025-02-12T22:19:53,0,25,0,25
2025-02-12T22:51:20,0,25,0,25
2025-02-12T23:22:37,0,25,0,25
2025-02-12T23:53:54,0,25,0,25
2025-02-13T00:25:14,0,25,0,25
2025-02-13T00:56:44,0,25,0,25
2025-02-13T01:28:07,0,25,0,25
2025-02-13T01:59:31,0,25,0,25
2025-02-13T02:30:49,0,25,0,25
2025-02-13T03:02:06,0,25,0,25
2025-02-13T03:33:36,0,25,0,25
2025-02-13T04:04:55,0,25,0,25
2025-02-13T04:38:31,0,25,0,25
2025-02-13T05:09:54,0,25,0,25
2025-02-13T05:41:18,0,25,0,25
2025-02-13T06:12:39,0,25,0,25
2025-02-13T06:44:01,0,25,0,25
2025-02-13T07:15:23,0,25,0,25
2025-02-13T07:46:42,0,25,0,25
2025-02-13T08:18:02,0,25,0,25
2025-02-13T08:49:24,0,25,0,25
2025-02-13T09:20:42,0,25,0,25
2025-02-13T09:52:08,0,25,0,25
2025-02-13T10:23:27,0,25,0,25
2025-02-13T10:54:44,0,25,0,25
2025-02-13T11:26:15,0,25,0,25
2025-02-13T11:57:32,0,25,0,25
2025-02-13T12:29:01,0,25,0,25
2025-02-13T13:00:23,0,25,0,25
2025-02-13T13:31:42,0,25,0,25
2025-02-13T14:03:14,0,25,0,25
2025-02-13T14:34:33,0,25,0,25
2025-02-13T15:06:03,0,25,0,25
2025-02-13T15:37:22,0,25,0,25
2025-02-13T16:08:44,0,25,0,25
2025-02-13T16:40:17,0,25,0,25
2025-02-13T17:11:37,0,25,0,25
2025-02-13T17:43:07,0,25,0,25
2025-02-13T18:14:26,0,25,0,25
2025-02-13T18:45:46,0,25,0,25
2025-02-13T19:17:05,0,25,0,25
2025-02-13T19:48:37,0,25,0,25
2025-02-13T20:19:57,0,25,0,25
2025-02-13T20:51:16,0,25,0,25
2025-02-13T21:22:37,0,25,0,25
2025-02-13T21:54:05,0,25,0,25
2025-02-13T22:25:24,0,25,0,25
2025-02-13T22:56:43,0,25,0,25
2025-02-13T23:28:11,0,25,0,25
2025-02-13T23:59:30,0,25,0,25
2025-02-14T00:30:54,0,25,0,25
2025-02-14T01:02:17,0,25,0,25
2025-02-14T01:33:40,0,25,0,25
2025-02-14T02:05:09,0,25,0,25
2025-02-14T02:36:44,0,25,0,25
2025-02-14T03:08:06,0,25,0,25
2025-02-14T03:39:39,0,25,0,25
2025-02-14T04:29:11,0,25,0,25
2025-02-14T05:00:35,0,25,0,25
2025-02-14T05:32:01,0,25,0,25
2025-02-14T06:03:25,0,25,0,25
2025-02-14T06:34:49,0,25,0,25
2025-02-14T07:06:12,0,25,0,25
2025-02-14T07:37:33,0,25,0,25
2025-02-14T08:08:53,0,25,0,25
2025-02-14T08:40:15,0,25,0,25
2025-02-14T09:11:46,0,25,0,25
2025-02-14T09:43:07,0,25,0,25
2025-02-14T10:14:25,0,25,0,25
2025-02-14T10:45:44,0,25,0,25
2025-02-14T11:17:14,0,25,0,25
2025-02-14T11:48:43,0,25,0,25
2025-02-14T12:20:43,0,25,0,25
2025-02-14T12:52:25,0,25,0,25
2025-02-14T13:23:44,0,25,0,25
2025-02-14T13:55:13,0,25,0,25
2025-02-14T14:26:31,0,25,0,25
2025-02-14T14:57:51,0,25,0,25
2025-02-14T15:29:26,0,25,0,25
2025-02-14T16:00:46,0,25,0,25
2025-02-14T16:32:06,0,25,0,25
2025-02-14T17:03:34,0,25,0,25
2025-02-14T17:34:55,0,25,0,25
2025-02-14T18:06:15,0,25,0,25
2025-02-14T18:37:44,0,25,0,25
2025-02-14T19:09:05,0,25,0,25
2025-02-14T19:40:25,0,25,0,25
2025-02-14T20:11:45,0,25,0,25
2025-02-14T20:43:05,0,25,0,25
2025-02-14T21:14:34,0,25,0,25
2025-02-14T21:45:56,0,25,0,25
2025-02-14T22:17:19,0,25,0,25
2025-02-14T22:48:39,0,25,0,25
2025-02-14T23:20:09,0,25,0,25
2025-02-14T23:51:29,0,25,0,25
2025-02-15T00:24:39,0,25,0,25
2025-02-15T00:56:13,0,25,0,25
2025-02-15T01:27:35,0,25,0,25
2025-02-15T01:58:59,0,25,0,25
2025-02-15T02:30:20,0,25,0,25
2025-02-15T03:01:39,0,25,0,25
2025-02-15T03:33:01,0,25,0,25
2025-02-15T04:04:32,0,25,0,25
2025-02-15T04:31:00,0,25,0,25
2025-02-15T05:02:27,0,25,0,25
2025-02-15T05:33:52,0,25,0,25
2025-02-15T06:05:15,0,25,0,25
2025-02-15T06:36:52,0,25,0,25
2025-02-15T07:08:14,0,25,0,25
2025-02-15T07:39:39,0,25,0,25
2025-02-15T08:11:01,0,25,0,25
2025-02-15T08:42:31,0,25,0,25
2025-02-15T09:13:50,0,25,0,25
2025-02-15T09:45:10,0,25,0,25
2025-02-15T10:16:29,0,25,0,25
2025-02-15T10:48:05,0,25,0,25
2025-02-15T11:19:26,0,25,0,25
2025-02-15T11:50:45,0,25,0,25
2025-02-15T12:22:14,0,25,0,25
2025-02-15T12:53:33,0,25,0,25
2025-02-15T13:25:07,0,25,0,25
2025-02-15T13:56:27,0,25,0,25
2025-02-15T14:28:01,0,25,0,25
2025-02-15T14:59:20,0,25,0,25
2025-02-15T15:30:39,0,25,0,25
2025-02-15T16:02:07,0,25,0,25
2025-02-15T16:33:26,0,25,0,25
2025-02-15T17:04:45,0,25,0,25
2025-02-15T17:36:15,0,25,0,25
2025-02-15T18:07:34,0,25,0,25
2025-02-15T18:38:53,0,25,0,25
2025-02-15T19:10:36,0,25,0,25
2025-02-15T19:41:55,0,25,0,25
2025-02-15T20:13:14,0,25,0,25
2025-02-15T20:44:42,0,25,0,25
2025-02-15T21:16:01,0,25,0,25
2025-02-15T21:47:24,0,25,0,25
2025-02-15T22:18:44,0,25,0,25
2025-02-15T22:50:16,0,25,0,25
2025-02-15T23:21:36,0,25,0,25
2025-02-15T23:52:55,0,25,0,25
2025-02-16T00:24:31,0,25,0,25
2025-02-16T00:55:52,0,25,0,25
2025-02-16T01:28:50,0,25,0,25
2025-02-16T02:00:11,0,25,0,25
2025-02-16T02:31:31,0,25,0,25
2025-02-16T03:02:50,0,25,0,25
2025-02-16T03:34:11,0,25,0,25
2025-02-16T04:05:30,0,25,0,25
2025-02-16T04:28:04,0,25,0,25
2025-02-16T04:59:39,0,25,0,25
2025-02-16T05:31:06,0,25,0,25
2025-02-16T06:02:40,0,25,0,25
2025-02-16T06:34:23,0,25,0,25
2025-02-16T07:05:48,0,25,0,25
2025-02-16T07:37:16,0,25,0,25
2025-02-16T08:08:42,0,25,0,25
2025-02-16T08:40:16,0,25,0,25
2025-02-16T09:11:41,0,25,0,25
2025-02-16T09:43:05,0,25,0,25
2025-02-16T10:14:31,0,25,0,25
2025-02-16T10:45:58,0,25,0,25
2025-02-16T11:17:29,0,25,0,25
2025-02-16T11:48:49,0,25,0,25
2025-02-16T12:20:09,0,25,0,25
2025-02-16T12:51:29,0,25,0,25
2025-02-16T13:22:58,0,25,0,25
2025-02-16T13:54:18,0,25,0,25
2025-02-16T14:25:37,0,25,0,25
2025-02-16T14:56:57,0,25,0,25
2025-02-16T15:28:26,0,25,0,25
2025-02-16T15:59:45,0,25,0,25
2025-02-16T16:31:04,0,25,0,25
2025-02-16T17:02:33,0,25,0,25
2025-02-16T17:33:52,0,25,0,25
2025-02-16T18:05:12,0,25,0,25
2025-02-16T18:36:40,0,25,0,25
2025-02-16T19:08:00,0,25,0,25
2025-02-16T19:39:20,0,25,0,25
2025-02-16T20:10:39,0,25,0,25
2025-02-16T20:42:08,0,25,0,25
2025-02-16T21:13:27,0,25,0,25
2025-02-16T21:44:49,0,25,0,25
2025-02-16T22:16:10,0,25,0,25
2025-02-16T22:47:38,0,25,0,25
2025-02-16T23:18:58,0,25,0,25
2025-02-16T23:50:18,0,25,0,25
2025-02-17T00:21:39,0,25,0,25
2025-02-17T00:53:10,0,25,0,25
2025-02-17T01:24:36,0,25,0,25
2025-02-17T01:55:58,0,25,0,25
2025-02-17T02:27:23,0,25,0,25
2025-02-17T02:58:44,0,25,0,25
2025-02-17T03:30:16,0,25,0,25
2025-02-17T04:01:38,0,25,0,25
2025-02-17T04:27:47,0,25,0,25
2025-02-17T04:59:13,0,25,0,25
2025-02-17T05:30:39,0,25,0,25
2025-02-17T06:02:05,0,25,0,25
2025-02-17T06:33:28,0,25,0,25
2025-02-17T07:04:53,0,25,0,25
2025-02-17T07:36:14,0,25,0,25
2025-02-17T08:07:36,0,25,0,25
2025-02-17T08:39:00,0,25,0,25
2025-02-17T09:10:30,0,25,0,25
2025-02-17T09:41:49,0,25,0,25
2025-02-17T10:13:08,0,25,0,25
2025-02-17T10:44:28,0,25,0,25
2025-02-17T11:15:57,0,25,0,25
2025-02-17T11:47:17,0,25,0,25
2025-02-17T12:18:48,0,25,0,25
2025-02-17T12:50:08,0,25,0,25
2025-02-17T13:21:38,0,25,0,25
2025-02-17T13:52:59,0,25,0,25
2025-02-17T14:24:19,0,25,0,25
2025-02-17T14:55:50,0,25,0,25
2025-02-17T15:27:21,0,25,0,25
2025-02-17T15:58:41,0,25,0,25
2025-02-17T16:30:13,0,25,0,25
2025-02-17T17:01:34,0,25,0,25
2025-02-17T17:33:04,0,25,0,25
2025-02-17T18:04:23,0,25,0,25
2025-02-17T18:35:53,0,25,0,25
2025-02-17T19:07:12,0,25,0,25
2025-02-17T19:38:42,0,25,0,25
2025-02-17T20:10:01,0,25,0,25
2025-02-17T20:41:31,0,25,0,25
2025-02-17T21:12:51,0,25,0,25
2025-02-17T21:44:21,0,25,0,25
2025-02-17T22:15:43,0,25,0,25
2025-02-17T22:47:13,0,25,0,25
2025-02-17T23:18:33,0,25,0,25
2025-02-17T23:49:53,0,25,0,25
2025-02-18T00:21:25,0,25,0,25
2025-02-18T00:52:49,0,25,0,25
2025-02-18T01:24:11,0,25,0,25
2025-02-18T01:55:42,0,25,0,25
2025-02-18T02:27:14,0,25,0,25
2025-02-18T02:58:37,0,25,0,25
2025-02-18T03:29:58,0,25,0,25
2025-02-18T04:01:20,0,25,0,25
2025-02-18T04:39:08,0,25,0,25
2025-02-18T05:10:34,0,25,0,25
2025-02-18T05:42:02,0,25,0,25
2025-02-18T06:13:25,0,25,0,25
2025-02-18T06:44:57,0,25,0,25
2025-02-18T07:16:21,0,25,0,25
2025-02-18T07:47:50,0,25,0,25
2025-02-18T08:19:13,0,25,0,25
2025-02-18T08:50:37,0,25,0,25
2025-02-18T09:22:10,0,25,0,25
2025-02-18T09:53:37,0,25,0,25
2025-02-18T10:25:12,0,25,0,25
2025-02-18T10:56:47,0,25,0,25
2025-02-18T11:28:25,0,25,0,25
2025-02-18T12:00:02,0,25,0,25
2025-02-18T12:31:39,0,25,0,25
2025-02-18T13:03:10,0,25,0,25
2025-02-18T13:34:47,0,25,0,25
2025-02-18T14:06:28,0,25,0,25
2025-02-18T14:38:19,0,25,0,25
2025-02-18T15:10:03,0,25,0,25
2025-02-18T15:41:49,0,25,0,25
2025-02-18T16:13:31,0,25,0,25
2025-02-18T16:45:12,0,25,0,25
2025-02-18T17:17:04,0,25,0,25
2025-02-18T17:48:41,0,25,0,25
2025-02-18T18:20:23,0,25,0,25
2025-02-18T18:52:02,0,25,0,25
2025-02-18T19:23:44,0,25,0,25
2025-02-18T19:55:11,0,25,0,25
2025-02-18T20:09:51,0,25,0,25
2025-02-18T20:41:22,0,25,0,25
2025-02-18T21:13:01,0,25,0,25
2025-02-18T21:44:39,0,25,0,25
2025-02-18T22:16:05,0,25,0,25
2025-02-18T22:47:54,0,25,0,25
2025-02-18T23:19:31,0,25,0,25
2025-02-18T23:50:56,0,25,0,25
2025-02-19T00:22:44,0,25,0,25
2025-02-19T00:54:37,0,25,0,25
2025-02-19T01:26:09,0,25,0,25
2025-02-19T01:57:44,0,25,0,25
2025-02-19T02:29:27,0,25,0,25
2025-02-19T03:00:55,0,25,0,25
2025-02-19T03:32:36,0,25,0,25
2025-02-19T04:04:03,0,25,0,25
2025-02-19T04:32:21,0,25,0,25
2025-02-19T05:03:54,0,25,0,25
2025-02-19T05:35:28,0,25,0,25
2025-02-19T06:06:57,0,25,0,25
2025-02-19T06:38:26,0,25,0,25
2025-02-19T07:09:53,0,25,0,25
2025-02-19T07:41:34,0,25,0,25
2025-02-19T08:12:59,0,25,0,25
2025-02-19T08:44:25,0,25,0,25
2025-02-19T09:16:02,0,25,0,25
2025-02-19T09:47:34,0,25,0,25
2025-02-19T10:19:15,0,25,0,25
2025-02-19T10:50:54,0,25,0,25
2025-02-19T11:22:46,0,25,0,25
2025-02-19T11:54:30,0,25,0,25
2025-02-19T12:26:12,0,25,0,25
2025-02-19T12:58:01,0,25,0,25
2025-02-19T13:29:41,0,25,0,25
2025-02-19T14:01:36,0,25,0,25
2025-02-19T14:33:54,0,25,0,25
2025-02-19T15:05:51,0,25,0,25
2025-02-19T15:37:35,0,25,0,25
2025-02-19T16:09:18,0,25,0,25
2025-02-19T16:41:15,0,25,0,25
2025-02-19T17:12:58,0,25,0,25
2025-02-19T17:44:49,0,25,0,25
2025-02-19T18:16:32,0,25,0,25
2025-02-19T18:48:15,0,25,0,25
2025-02-19T19:19:45,0,25,0,25
2025-02-19T19:51:24,0,25,0,25
2025-02-19T20:23:06,0,25,0,25
2025-02-19T20:54:44,0,25,0,25
2025-02-19T21:26:13,0,25,0,25
2025-02-19T21:57:50,0,25,0,25
2025-02-19T22:29:28,0,25,0,25
2025-02-19T23:00:54,0,25,0,25
2025-02-19T23:32:32,0,25,0,25
2025-02-20T00:03:59,0,25,0,25
2025-02-20T00:35:38,0,25,0,25
2025-02-20T01:07:11,0,25,0,25
2025-02-20T01:38:52,0,25,0,25
2025-02-20T02:10:27,0,25,0,25
2025-02-20T02:41:55,0,25,0,25
2025-02-20T03:13:23,0,25,0,25
2025-02-20T03:44:56,0,25,0,25
2025-02-20T04:29:46,0,25,0,25
2025-02-20T05:01:22,0,25,0,25
2025-02-20T05:32:54,0,25,0,25
2025-02-20T06:04:25,0,25,0,25
2025-02-20T06:35:57,0,25,0,25
2025-02-20T07:07:28,0,25,0,25
2025-02-20T07:39:10,0,25,0,25
2025-02-20T08:10:38,0,25,0,25
2025-02-20T08:42:06,0,25,0,25
2025-02-20T09:13:45,0,25,0,25
2025-02-20T09:45:15,0,25,0,25
2025-02-20T10:16:59,0,25,0,25
2025-02-20T10:48:41,0,25,0,25
2025-02-20T11:20:15,0,25,0,25
2025-02-20T11:52:10,0,25,0,25
2025-02-20T12:23:51,0,25,0,25
2025-02-20T12:55:24,0,25,0,25
2025-02-20T13:27:09,0,25,0,25
2025-02-20T13:58:53,0,25,0,25
2025-02-20T14:30:36,0,25,0,25
2025-02-20T15:02:21,0,25,0,25
2025-02-20T15:34:05,0,25,0,25
2025-02-20T16:05:48,0,25,0,25
2025-02-20T16:37:31,0,25,0,25
2025-02-20T17:09:18,0,25,0,25
2025-02-20T17:40:52,0,25,0,25
2025-02-20T18:12:34,0,25,0,25
2025-02-20T18:44:15,0,25,0,25
2025-02-20T19:15:44,0,25,0,25
2025-02-20T19:47:23,0,25,0,25
2025-02-20T20:18:52,0,25,0,25
2025-02-20T20:50:30,0,25,0,25
2025-02-20T21:21:59,0,25,0,25
2025-02-20T21:53:38,0,25,0,25
2025-02-20T22:25:09,0,25,0,25
2025-02-20T22:56:38,0,25,0,25
2025-02-20T23:28:18,0,25,0,25
2025-02-20T23:59:48,0,25,0,25
2025-02-21T00:31:20,0,25,0,25
2025-02-21T01:03:02,0,25,0,25
2025-02-21T01:34:32,0,25,0,25
2025-02-21T02:06:11,0,25,0,25
2025-02-21T02:37:43,0,25,0,25
2025-02-21T03:09:15,0,25,0,25
2025-02-21T03:40:49,0,25,0,25
2025-02-21T04:12:32,0,25,0,25
2025-02-21T04:37:22,0,25,0,25
2025-02-21T05:10:28,0,25,0,25
2025-02-21T05:42:03,0,25,0,25
2025-02-21T06:13:40,0,25,0,25
2025-02-21T06:45:16,0,25,0,25
2025-02-21T07:16:51,0,25,0,25
2025-02-21T07:48:23,0,25,0,25
2025-02-21T08:19:54,0,25,0,25
2025-02-21T08:51:28,0,25,0,25
2025-02-21T09:23:06,0,25,0,25
2025-02-21T09:54:35,0,25,0,25
2025-02-21T10:26:05,0,25,0,25
2025-02-21T10:57:46,0,25,0,25
2025-02-21T11:29:27,0,25,0,25
2025-02-21T12:00:58,0,25,0,25
2025-02-21T12:32:37,0,25,0,25
2025-02-21T13:04:08,0,25,0,25
2025-02-21T13:35:38,0,25,0,25
2025-02-21T14:07:16,0,25,0,25
2025-02-21T14:38:47,0,25,0,25
2025-02-21T15:10:27,0,25,0,25
2025-02-21T15:41:57,0,25,0,25
2025-02-21T16:13:37,0,25,0,25
2025-02-21T16:45:07,0,25,0,25
2025-02-21T17:16:37,0,25,0,25
2025-02-21T17:48:17,0,25,0,25
2025-02-21T18:19:47,0,25,0,25
2025-02-21T18:51:16,0,25,0,25
2025-02-21T19:22:45,0,25,0,25
2025-02-21T19:54:23,0,25,0,25
2025-02-21T20:25:52,0,25,0,25
2025-02-21T20:57:22,0,25,0,25
2025-02-21T21:28:53,0,25,0,25
2025-02-21T22:00:34,0,25,0,25
2025-02-21T22:32:05,0,25,0,25
2025-02-21T23:03:34,0,25,0,25
2025-02-21T23:35:05,0,25,0,25
2025-02-22T00:06:46,0,25,0,25
2025-02-22T00:38:20,0,25,0,25
2025-02-22T01:09:54,0,25,0,25
2025-02-22T01:41:27,0,25,0,25
2025-02-22T02:12:59,0,25,0,25
2025-02-22T02:44:28,0,25,0,25
2025-02-22T03:15:58,0,25,0,25
2025-02-22T03:47:29,0,25,0,25
2025-02-22T16:34:27,15,10,0,25
2025-02-22T17:06:06,15,10,0,25
2025-02-22T17:37:36,15,10,0,25
2025-02-22T18:09:06,15,10,0,25
2025-02-22T18:40:36,15,10,0,25
2025-02-22T19:12:15,15,10,0,25
2025-02-22T19:43:44,15,10,0,25
2025-02-22T20:15:14,15,10,0,25
2025-02-22T20:46:43,15,10,0,25
2025-02-22T21:18:14,15,10,0,25
2025-02-22T21:49:53,15,10,0,25
2025-02-22T22:21:22,15,10,0,25
2025-02-22T22:52:51,15,10,0,25
2025-02-22T23:24:22,15,10,0,25
2025-02-22T23:55:51,15,10,0,25
2025-02-23T00:27:34,15,10,0,25
2025-02-23T00:59:05,15,10,0,25
2025-02-23T01:30:35,15,10,0,25
2025-02-23T02:02:06,15,10,0,25
2025-02-23T02:33:36,15,10,0,25
2025-02-23T03:05:08,15,10,0,25
2025-02-23T03:37:04,15,10,0,25
2025-02-23T04:32:27,15,10,0,25
2025-02-23T05:04:04,15,10,0,25
2025-02-23T05:32:55,15,10,0,25
2025-02-23T06:04:31,15,10,0,25
2025-02-23T06:36:07,15,10,0,25
2025-02-23T07:07:42,15,10,0,25
2025-02-23T07:39:18,15,10,0,25
2025-02-23T08:10:51,15,10,0,25
2025-02-23T08:42:23,15,10,0,25
2025-02-23T09:13:54,15,10,0,25
2025-02-23T09:45:25,15,10,0,25
2025-02-23T10:17:02,15,10,0,25
2025-02-23T10:48:31,15,10,0,25
2025-02-23T11:20:03,15,10,0,25
2025-02-23T11:51:36,15,10,0,25
2025-02-23T12:23:18,15,10,0,25
2025-02-23T12:54:49,15,10,0,25
2025-02-23T13:26:20,15,10,0,25
2025-02-23T13:57:50,15,10,0,25
2025-02-23T14:29:30,15,10,0,25
2025-02-23T15:00:58,15,10,0,25
2025-02-23T15:32:28,15,10,0,25
2025-02-23T16:04:06,15,10,0,25
2025-02-23T16:35:36,15,10,0,25
2025-02-23T17:07:05,15,10,0,25
2025-02-23T17:38:34,15,10,0,25
2025-02-23T18:10:13,15,10,0,25
2025-02-23T18:41:41,15,10,0,25
2025-02-23T19:13:12,15,10,0,25
2025-02-23T19:44:52,15,10,0,25
2025-02-23T20:16:23,15,10,0,25
2025-02-23T20:47:52,15,10,0,25
2025-02-23T21:19:34,15,10,0,25
2025-02-23T21:51:06,15,10,0,25
2025-02-23T22:22:35,15,10,0,25
2025-02-23T22:54:06,15,10,0,25
2025-02-23T23:25:45,15,10,0,25
2025-02-23T23:57:17,15,10,0,25
2025-02-24T00:29:51,15,10,0,25
2025-02-24T01:01:37,15,10,0,25
2025-02-24T01:33:11,15,10,0,25
2025-02-24T02:04:45,15,10,0,25
2025-02-24T02:36:20,15,10,0,25
2025-02-24T03:07:52,15,10,0,25
2025-02-24T03:39:34,15,10,0,25
2025-02-24T04:11:06,15,10,0,25
2025-02-24T04:35:04,15,10,0,25
2025-02-24T05:06:56,15,10,0,25
2025-02-24T05:38:35,15,10,0,25
2025-02-24T06:10:09,15,10,0,25
2025-02-24T06:41:42,15,10,0,25
2025-02-24T07:13:13,15,10,0,25
2025-02-24T07:44:46,15,10,0,25
2025-02-24T08:16:15,15,10,0,25
2025-02-24T08:47:54,15,10,0,25
2025-02-24T09:19:24,15,10,0,25
2025-02-24T09:50:56,15,10,0,25
2025-02-24T10:22:36,15,10,0,25
2025-02-24T10:54:18,15,10,0,25
2025-02-24T11:25:52,15,10,0,25
2025-02-24T11:57:38,15,10,0,25
2025-02-24T12:29:28,15,10,0,25
2025-02-24T13:01:05,15,10,0,25
2025-02-24T13:32:51,15,10,0,25
2025-02-24T14:04:34,15,10,0,25
2025-02-24T14:36:21,15,10,0,25
2025-02-24T15:07:55,15,10,0,25
2025-02-24T15:39:43,15,10,0,25
2025-02-24T16:11:30,15,10,0,25
2025-02-24T16:43:06,15,10,0,25
2025-02-24T17:14:54,15,10,0,25
2025-02-24T17:46:39,15,10,0,25
2025-02-24T18:18:15,15,10,0,25
2025-02-24T18:50:02,15,10,0,25
2025-02-24T19:21:37,15,10,0,25
2025-02-24T19:53:23,15,10,0,25
2025-02-24T20:24:58,15,10,0,25
2025-02-24T20:56:33,15,10,0,25
2025-02-24T21:28:22,15,10,0,25
2025-02-24T21:59:59,15,10,0,25
2025-02-24T22:31:45,15,10,0,25
2025-02-24T23:03:20,15,10,0,25
2025-02-24T23:34:57,15,10,0,25
2025-02-25T00:06:43,15,10,0,25
2025-02-25T00:38:25,15,10,0,25
2025-02-25T01:10:11,15,10,0,25
2025-02-25T01:41:50,15,10,0,25
2025-02-25T02:13:42,15,10,0,25
2025-02-25T02:45:21,15,10,0,25
2025-02-25T03:16:57,15,10,0,25
2025-02-25T03:48:35,15,10,0,25
2025-02-25T04:27:10,15,10,0,25
2025-02-25T04:58:53,15,10,0,25
2025-02-25T05:30:38,15,10,0,25
2025-02-25T06:02:19,15,10,0,25
2025-02-25T06:33:59,15,10,0,25
2025-02-25T07:05:41,15,10,0,25
2025-02-25T07:37:21,15,10,0,25
2025-02-25T08:09:12,15,10,0,25
2025-02-25T08:40:49,15,10,0,25
2025-02-25T09:12:26,15,10,0,25
2025-02-25T09:44:16,15,10,0,25
2025-02-25T10:15:53,15,10,0,25
2025-02-25T10:47:47,15,10,0,25
2025-02-25T11:19:25,15,10,0,25
2025-02-25T11:51:22,15,10,0,25
2025-02-25T12:23:00,15,10,0,25
2025-02-25T12:54:56,15,10,0,25
2025-02-25T13:26:42,15,10,0,25
2025-02-25T13:58:36,15,10,0,25
2025-02-25T14:30:17,15,10,0,25
2025-02-25T15:02:05,15,10,0,25
2025-02-25T15:34:03,15,10,0,25
2025-02-25T16:05:56,15,10,0,25
2025-02-25T16:37:49,15,10,0,25
2025-02-25T17:09:31,15,10,0,25
2025-02-25T17:41:33,15,10,0,25
2025-02-25T18:13:24,15,10,0,25
2025-02-25T18:45:05,15,10,0,25
2025-02-25T19:16:54,15,10,0,25
2025-02-25T19:48:34,15,10,0,25
2025-02-25T20:20:25,15,10,0,25
2025-02-25T20:52:05,15,10,0,25
2025-02-25T21:23:58,15,10,0,25
2025-02-25T21:55:42,15,10,0,25
2025-02-25T22:27:33,15,10,0,25
2025-02-25T22:59:12,15,10,0,25
2025-02-25T23:30:55,15,10,0,25
2025-02-26T00:02:46,15,10,0,25
2025-02-26T00:34:29,15,10,0,25
2025-02-26T01:06:14,15,10,0,25
2025-02-26T01:38:07,15,10,0,25
2025-02-26T02:09:55,15,10,0,25
2025-02-26T02:41:41,15,10,0,25
2025-02-26T03:13:25,15,10,0,25
2025-02-26T03:45:11,15,10,0,25
2025-02-26T04:37:04,15,10,0,25
2025-02-26T05:08:50,15,10,0,25
2025-02-26T05:40:47,15,10,0,25
2025-02-26T06:12:31,15,10,0,25
2025-02-26T06:44:14,15,10,0,25
2025-02-26T07:15:56,15,10,0,25
2025-02-26T07:47:37,15,10,0,25
2025-02-26T08:19:26,15,10,0,25
2025-02-26T08:51:06,15,10,0,25
2025-02-26T09:22:50,15,10,0,25
2025-02-26T09:54:43,15,10,0,25
2025-02-26T10:26:26,15,10,0,25
2025-02-26T10:58:18,15,10,0,25
2025-02-26T11:30:10,15,10,0,25
2025-02-26T12:01:52,15,10,0,25
2025-02-26T12:33:50,15,10,0,25
2025-02-26T13:05:43,15,10,0,25
2025-02-26T13:37:37,15,10,0,25
2025-02-26T14:09:18,15,10,0,25
2025-02-26T14:41:13,15,10,0,25
2025-02-26T15:13:09,15,10,0,25
2025-02-26T15:44:57,15,10,0,25
2025-02-26T16:16:59,15,10,0,25
2025-02-26T16:48:54,15,10,0,25
2025-02-26T17:20:51,15,10,0,25
2025-02-26T17:52:37,15,10,0,25
2025-02-26T18:24:35,15,10,0,25
2025-02-26T18:56:27,15,10,0,25
2025-02-26T19:28:09,15,10,0,25
2025-02-26T20:00:02,15,10,0,25
2025-02-26T20:31:44,15,10,0,25
2025-02-26T21:03:37,15,10,0,25
2025-02-26T21:35:22,15,10,0,25
2025-02-26T22:07:16,15,10,0,25
2025-02-26T22:38:58,15,10,0,25
2025-02-26T23:10:40,15,10,0,25
2025-02-26T23:42:34,15,10,0,25
2025-02-27T00:14:17,15,10,0,25
2025-02-27T00:46:13,15,10,0,25
2025-02-27T01:18:00,15,10,0,25
2025-02-27T01:49:45,15,10,0,25
2025-02-27T02:21:32,15,10,0,25
2025-02-27T02:53:15,15,10,0,25
2025-02-27T03:24:59,15,10,0,25
2025-02-27T03:56:54,15,10,0,25
2025-02-27T04:33:24,15,10,0,25
2025-02-27T05:06:38,15,10,0,25
2025-02-27T05:38:47,15,10,0,25
2025-02-27T06:10:35,15,10,0,25
2025-02-27T06:42:23,15,10,0,25
2025-02-27T07:14:16,15,10,0,25
2025-02-27T07:46:01,15,10,0,25
2025-02-27T08:17:46,15,10,0,25
2025-02-27T08:49:29,15,10,0,25
2025-02-27T09:21:23,15,10,0,25
2025-02-27T09:53:08,15,10,0,25
2025-02-27T10:25:03,15,10,0,25
2025-02-27T10:56:47,15,10,0,25
2025-02-27T11:28:55,15,10,0,25
2025-02-27T12:00:39,15,10,0,25
2025-02-27T12:32:38,15,10,0,25
2025-02-27T13:04:35,15,10,0,25
2025-02-27T13:36:30,15,10,0,25
2025-02-27T14:08:17,15,10,0,25
2025-02-27T14:40:18,15,10,0,25
2025-02-27T15:12:19,15,10,0,25
2025-02-27T15:44:20,15,10,0,25
2025-02-27T16:16:11,15,10,0,25
2025-02-27T16:48:14,15,10,0,25
2025-02-27T17:20:16,15,10,0,25
2025-02-27T17:52:16,15,10,0,25
2025-02-27T18:24:06,15,10,0,25
2025-02-27T18:56:04,15,10,0,25
2025-02-27T19:28:02,15,10,0,25
2025-02-27T19:59:50,15,10,0,25
2025-02-27T20:31:49,15,10,0,25
2025-02-27T21:03:37,15,10,0,25
2025-02-27T21:35:36,15,10,0,25
2025-02-27T22:07:25,15,10,0,25
2025-02-27T22:39:24,15,10,0,25
2025-02-27T23:11:13,15,10,0,25
2025-02-27T23:43:03,15,10,0,25
2025-02-28T00:15:02,15,10,0,25
2025-02-28T00:46:54,15,10,0,25
2025-02-28T01:18:47,15,10,0,25
2025-02-28T01:50:40,15,10,0,25
2025-02-28T02:22:42,15,10,0,25
2025-02-28T02:54:32,15,10,0,25
2025-02-28T03:26:22,15,10,0,25
2025-02-28T03:58:11,15,10,0,25
2025-02-28T04:36:54,15,10,0,25
2025-02-28T05:08:50,15,10,0,25
2025-02-28T05:40:45,15,10,0,25
2025-02-28T06:12:41,15,10,0,25
2025-02-28T06:44:32,15,10,0,25
2025-02-28T07:16:23,15,10,0,25
2025-02-28T07:48:13,15,10,0,25
2025-02-28T08:20:15,15,10,0,25
2025-02-28T08:52:05,15,10,0,25
2025-02-28T09:23:56,15,10,0,25
2025-02-28T09:55:56,15,10,0,25
2025-02-28T10:27:58,15,10,0,25
2025-02-28T10:59:49,15,10,0,25
2025-02-28T11:31:52,15,10,0,25
2025-02-28T12:03:56,15,10,0,25
2025-02-28T12:35:57,15,10,0,25
2025-02-28T13:07:50,15,10,0,25
2025-02-28T13:39:52,15,10,0,25
2025-02-28T14:11:56,15,10,0,25
2025-02-28T14:43:59,15,10,0,25
2025-02-28T15:15:53,15,10,0,25
2025-02-28T15:47:57,15,10,0,25
2025-02-28T16:17:49,15,10,0,25
2025-02-28T16:49:47,15,10,0,25
2025-02-28T17:21:48,15,10,0,25
2025-02-28T17:53:38,15,10,0,25
2025-02-28T18:25:39,15,10,0,25
2025-02-28T18:57:28,15,10,0,25
2025-02-28T19:29:25,15,10,0,25
2025-02-28T20:01:15,15,10,0,25
2025-02-28T20:33:11,15,10,0,25
2025-02-28T21:05:00,15,10,0,25
2025-02-28T21:37:00,15,10,0,25
2025-02-28T22:08:49,15,10,0,25
2025-02-28T22:40:38,15,10,0,25
2025-02-28T23:12:35,15,10,0,25
2025-02-28T23:44:27,15,10,0,25
2025-03-01T00:16:21,15,10,0,25
2025-03-01T00:48:28,15,10,0,25
2025-03-01T01:20:24,15,10,0,25
2025-03-01T01:52:19,15,10,0,25
2025-03-01T02:24:09,15,10,0,25
2025-03-01T02:55:59,15,10,0,25
2025-03-01T03:27:49,15,10,0,25
2025-03-01T04:01:24,15,10,0,25
2025-03-01T04:36:56,15,10,0,25
2025-03-01T05:08:54,15,10,0,25
2025-03-01T05:40:49,15,10,0,25
2025-03-01T06:12:43,15,10,0,25
2025-03-01T06:44:38,15,10,0,25
2025-03-01T07:16:34,15,10,0,25
2025-03-01T07:48:38,15,10,0,25
2025-03-01T08:20:33,15,10,0,25
2025-03-01T08:52:25,15,10,0,25
2025-03-01T09:24:15,15,10,0,25
2025-03-01T09:56:13,15,10,0,25
2025-03-01T10:28:02,15,10,0,25
2025-03-01T10:59:54,15,10,0,25
2025-03-01T11:31:53,15,10,0,25
2025-03-01T12:03:42,15,10,0,25
2025-03-01T12:35:31,15,10,0,25
2025-03-01T13:07:30,15,10,0,25
2025-03-01T13:39:19,15,10,0,25
2025-03-01T14:11:08,15,10,0,25
2025-03-01T14:43:05,15,10,0,25
2025-03-01T15:14:55,15,10,0,25
2025-03-01T15:46:44,15,10,0,25
2025-03-01T16:18:41,15,10,0,25
2025-03-01T16:50:30,15,10,0,25
2025-03-01T17:22:28,15,10,0,25
2025-03-01T17:54:18,15,10,0,25
2025-03-01T18:26:06,15,10,0,25
2025-03-01T18:57:55,15,10,0,25
2025-03-01T19:29:53,15,10,0,25
2025-03-01T20:01:42,15,10,0,25
2025-03-01T20:33:30,15,10,0,25
2025-03-01T21:05:18,15,10,0,25
2025-03-01T21:37:16,15,10,0,25
2025-03-01T22:09:05,15,10,0,25
2025-03-01T22:40:55,15,10,0,25
2025-03-01T23:12:45,15,10,0,25
2025-03-01T23:44:35,15,10,0,25
2025-03-02T00:16:36,15,10,0,25
2025-03-02T00:48:29,15,10,0,25
2025-03-02T01:20:22,15,10,0,25
2025-03-02T01:52:15,15,10,0,25
2025-03-02T02:24:12,15,10,0,25
2025-03-02T02:56:04,15,10,0,25
2025-03-02T03:27:58,15,10,0,25
2025-03-02T03:59:49,15,10,0,25
2025-03-02T04:33:52,15,10,0,25
2025-03-02T05:05:48,15,10,0,25
2025-03-02T05:37:43,15,10,0,25
2025-03-02T06:09:37,15,10,0,25
2025-03-02T06:41:32,15,10,0,25
2025-03-02T07:13:26,15,10,0,25
2025-03-02T07:45:18,15,10,0,25
2025-03-02T08:17:10,15,10,0,25
2025-03-02T08:49:11,15,10,0,25
2025-03-02T09:21:04,15,10,0,25
2025-03-02T09:52:56,15,10,0,25
2025-03-02T10:24:50,15,10,0,25
2025-03-02T10:56:42,15,10,0,25
2025-03-02T11:28:43,15,10,0,25
2025-03-02T12:00:33,15,10,0,25
2025-03-02T12:32:23,15,10,0,25
2025-03-02T13:04:14,15,10,0,25
2025-03-02T13:36:12,15,10,0,25
2025-03-02T14:08:01,15,10,0,25
2025-03-02T14:39:51,15,10,0,25
2025-03-02T15:11:52,15,10,0,25
2025-03-02T15:43:42,15,10,0,25
2025-03-02T16:15:32,15,10,0,25
2025-03-02T16:47:20,15,10,0,25
2025-03-02T17:19:22,15,10,0,25
2025-03-02T17:51:11,15,10,0,25
2025-03-02T18:23:00,15,10,0,25
2025-03-02T18:54:50,15,10,0,25
2025-03-02T19:26:47,15,10,0,25
2025-03-02T19:58:35,15,10,0,25
2025-03-02T20:30:25,15,10,0,25
2025-03-02T21:02:22,15,10,0,25
2025-03-02T21:34:18,15,10,0,25
2025-03-02T22:06:10,15,10,0,25
2025-03-02T22:38:08,15,10,0,25
2025-03-02T23:09:58,15,10,0,25
2025-03-02T23:41:47,15,10,0,25
2025-03-03T00:13:37,15,10,0,25
2025-03-03T00:45:40,15,10,0,25
2025-03-03T01:17:33,15,10,0,25
2025-03-03T01:49:22,15,10,0,25
2025-03-03T02:21:14,15,10,0,25
2025-03-03T02:53:09,15,10,0,25
2025-03-03T03:25:12,15,10,0,25
2025-03-03T03:57:15,15,10,0,25
2025-03-03T04:37:51,15,10,0,25
2025-03-03T05:09:47,15,10,0,25
2025-03-03T05:41:46,15,10,0,25
2025-03-03T06:13:41,15,10,0,25
2025-03-03T06:45:35,15,10,0,25
2025-03-03T07:17:36,15,10,0,25
2025-03-03T07:49:26,15,10,0,25
2025-03-03T08:21:27,15,10,0,25
2025-03-03T08:53:18,15,10,0,25
2025-03-03T09:25:09,15,10,0,25
2025-03-03T09:56:59,15,10,0,25
2025-03-03T10:28:59,15,10,0,25
2025-03-03T11:00:49,15,10,0,25
2025-03-03T11:32:48,15,10,0,25
2025-03-03T12:04:55,15,10,0,25
2025-03-03T12:37:03,15,10,0,25
2025-03-03T13:08:55,15,10,0,25
2025-03-03T13:40:55,15,10,0,25
2025-03-03T14:12:46,15,10,0,25
2025-03-03T14:44:52,15,10,0,25
2025-03-03T15:16:44,15,10,0,25
2025-03-03T15:48:47,15,10,0,25
2025-03-03T16:20:38,15,10,0,25
2025-03-03T16:52:37,15,10,0,25
2025-03-03T17:24:29,15,10,0,25
2025-03-03T17:56:30,15,10,0,25
2025-03-03T18:28:20,15,10,0,25
2025-03-03T19:00:10,15,10,0,25
2025-03-03T19:32:11,15,10,0,25
2025-03-03T20:04:00,15,10,0,25
2025-03-03T20:35:50,15,10,0,25
2025-03-03T21:07:51,15,10,0,25
2025-03-03T21:39:41,15,10,0,25
2025-03-03T22:11:31,15,10,0,25
2025-03-03T22:43:34,15,10,0,25
2025-03-03T23:15:24,15,10,0,25
2025-03-03T23:47:15,15,10,0,25
2025-03-04T00:19:16,15,10,0,25
2025-03-04T00:51:12,15,10,0,25
2025-03-04T01:23:08,15,10,0,25
2025-03-04T01:55:04,15,10,0,25
2025-03-04T02:26:59,15,10,0,25
2025-03-04T02:59:00,15,10,0,25
2025-03-04T03:30:52,15,10,0,25
2025-03-04T04:02:44,15,10,0,25
2025-03-04T04:31:52,15,10,0,25
2025-03-04T05:03:52,15,10,0,25
2025-03-04T05:35:48,15,10,0,25
2025-03-04T06:07:42,15,10,0,25
2025-03-04T06:39:37,15,10,0,25
2025-03-04T07:11:32,15,10,0,25
2025-03-04T07:43:25,15,10,0,25
2025-03-04T08:15:25,15,10,0,25
2025-03-04T08:47:18,15,10,0,25
2025-03-04T09:19:10,15,10,0,25
2025-03-04T09:51:01,15,10,0,25
2025-03-04T10:23:10,15,10,0,25
2025-03-04T10:55:05,15,10,0,25
2025-03-04T11:27:13,15,10,0,25
2025-03-04T11:59:08,15,10,0,25
2025-03-04T12:31:16,15,10,0,25
2025-03-04T13:03:08,15,10,0,25
2025-03-04T13:35:13,15,10,0,25
2025-03-04T14:07:18,15,10,0,25
2025-03-04T14:39:11,15,10,0,25
2025-03-04T15:11:17,15,10,0,25
2025-03-04T15:43:11,15,10,0,25
2025-03-04T16:15:14,15,10,0,25
2025-03-04T16:47:06,15,10,0,25
2025-03-04T17:19:10,15,10,0,25
2025-03-04T17:51:02,15,10,0,25
2025-03-04T18:23:05,15,10,0,25
2025-03-04T18:54:57,15,10,0,25
2025-03-04T19:26:59,15,10,0,25
2025-03-04T19:58:50,15,10,0,25
2025-03-04T20:30:42,15,10,0,25
2025-03-04T21:02:44,15,10,0,25
2025-03-04T21:34:38,15,10,0,25
2025-03-04T22:06:33,15,10,0,25
2025-03-04T22:38:36,15,10,0,25
2025-03-04T23:10:29,15,10,0,25
2025-03-04T23:42:21,15,10,0,25
2025-03-05T00:14:15,15,10,0,25
2025-03-05T00:46:21,15,10,0,25
2025-03-05T01:18:18,15,10,0,25
2025-03-05T01:50:16,15,10,0,25
2025-03-05T02:22:19,15,10,0,25
2025-03-05T02:54:13,15,10,0,25
2025-03-05T03:26:09,15,10,0,25
2025-03-05T03:58:04,15,10,0,25
2025-03-05T04:33:13,15,10,0,25
2025-03-05T05:05:14,15,10,0,25
2025-03-05T05:37:17,15,10,0,25
2025-03-05T06:09:17,15,10,0,25
2025-03-05T06:41:13,15,10,0,25
2025-03-05T07:13:09,15,10,0,25
2025-03-05T07:45:03,15,10,0,25
2025-03-05T08:17:06,15,10,0,25
2025-03-05T08:49:01,15,10,0,25
2025-03-05T09:20:54,15,10,0,25
2025-03-05T09:52:48,15,10,0,25
2025-03-05T10:24:52,15,10,0,25
2025-03-05T10:56:59,15,10,0,25
2025-03-05T11:28:54,15,10,0,25
2025-03-05T12:00:59,15,10,0,25
2025-03-05T12:32:54,15,10,0,25
2025-03-05T13:04:57,15,10,0,25
2025-03-05T13:36:51,15,10,0,25
2025-03-05T14:08:57,15,10,0,25
2025-03-05T14:40:58,15,10,0,25
2025-03-05T15:13:04,15,10,0,25
2025-03-05T15:45:00,15,10,0,25
2025-03-05T16:17:07,15,10,0,25
2025-03-05T16:49:04,15,10,0,25
2025-03-05T17:21:11,15,10,0,25
2025-03-05T17:53:06,15,10,0,25
2025-03-05T18:25:12,15,10,0,25
2025-03-05T18:57:07,15,10,0,25
2025-03-05T19:29:01,15,10,0,25
2025-03-05T20:00:56,15,10,0,25
2025-03-05T20:33:09,15,10,0,25
2025-03-05T21:05:03,15,10,0,25
2025-03-05T21:36:58,15,10,0,25
2025-03-05T22:09:02,15,10,0,25
2025-03-05T22:40:57,15,10,0,25
2025-03-05T23:12:54,15,10,0,25
2025-03-05T23:44:49,15,10,0,25
2025-03-06T00:16:45,15,10,0,25
2025-03-06T00:48:54,15,10,0,25
2025-03-06T01:20:55,15,10,0,25
2025-03-06T01:52:54,15,10,0,25
2025-03-06T02:24:52,15,10,0,25
2025-03-06T02:56:48,15,10,0,25
2025-03-06T03:28:45,15,10,0,25
2025-03-06T04:00:42,15,10,0,25
2025-03-06T04:33:40,15,10,0,25
2025-03-06T05:05:42,15,10,0,25
2025-03-06T05:37:49,15,10,0,25
2025-03-06T06:09:50,15,10,0,25
2025-03-06T06:41:53,15,10,0,25
2025-03-06T07:13:53,15,10,0,25
2025-03-06T07:46:02,15,10,0,25
2025-03-06T08:18:00,15,10,0,25
2025-03-06T08:49:56,15,10,0,25
2025-03-06T09:21:55,15,10,0,25
2025-03-06T09:53:52,15,10,0,25
2025-03-06T10:26:01,15,10,0,25
2025-03-06T10:57:58,15,10,0,25
2025-03-06T11:30:08,15,10,0,25
2025-03-06T12:02:06,15,10,0,25
2025-03-06T12:34:02,15,10,0,25
2025-03-06T13:06:09,15,10,0,25
2025-03-06T13:38:06,15,10,0,25
2025-03-06T14:10:29,15,10,0,25
2025-03-06T14:42:26,15,10,0,25
2025-03-06T15:14:37,15,10,0,25
2025-03-06T15:46:50,15,10,0,25
2025-03-06T16:19:03,15,10,0,25
2025-03-06T16:51:26,15,10,0,25
2025-03-06T17:23:39,15,10,0,25
2025-03-06T17:56:02,15,10,0,25
2025-03-06T18:28:18,15,10,0,25
2025-03-06T19:00:32,15,10,0,25
2025-03-06T19:32:53,15,10,0,25
2025-03-06T20:05:06,15,10,0,25
2025-03-06T20:37:18,15,10,0,25
2025-03-06T21:09:31,15,10,0,25
2025-03-06T21:41:56,15,10,0,25
2025-03-06T22:14:09,15,10,0,25
2025-03-06T22:46:24,15,10,0,25
2025-03-06T23:18:48,15,10,0,25
2025-03-06T23:51:03,15,10,0,25
2025-03-07T00:23:18,15,10,0,25
2025-03-07T00:55:38,15,10,0,25
2025-03-07T01:27:57,15,10,0,25
2025-03-07T02:00:25,15,10,0,25
2025-03-07T02:32:43,15,10,0,25
2025-03-07T03:05:03,15,10,0,25
2025-03-07T03:37:22,15,10,0,25
2025-03-07T04:09:44,15,10,0,25
2025-03-07T04:29:55,15,10,0,25
2025-03-07T05:02:15,15,10,0,25
2025-03-07T05:34:39,15,10,0,25
2025-03-07T06:06:59,15,10,0,25
2025-03-07T06:39:26,15,10,0,25
2025-03-07T07:11:52,15,10,0,25
2025-03-07T07:44:06,15,10,0,25
2025-03-07T08:16:21,15,10,0,25
2025-03-07T08:48:42,15,10,0,25
2025-03-07T09:20:55,15,10,0,25
2025-03-07T09:53:10,15,10,0,25
2025-03-07T10:25:40,15,10,0,25
2025-03-07T10:57:53,15,10,0,25
2025-03-07T11:30:10,15,10,0,25
2025-03-07T12:02:33,15,10,0,25
2025-03-07T12:34:48,15,10,0,25
2025-03-07T13:07:03,15,10,0,25
2025-03-07T13:39:26,15,10,0,25
2025-03-07T14:11:41,15,10,0,25
2025-03-07T14:44:10,15,10,0,25
2025-03-07T15:16:25,15,10,0,25
2025-03-07T15:48:41,15,10,0,25
2025-03-07T16:21:08,15,10,0,25
2025-03-07T16:53:26,15,10,0,25
2025-03-07T17:25:42,15,10,0,25
2025-03-07T17:58:11,15,10,0,25
2025-03-07T18:30:25,15,10,0,25
2025-03-07T19:02:40,15,10,0,25
2025-03-07T19:35:04,15,10,0,25
2025-03-07T20:07:19,15,10,0,25
2025-03-07T20:39:33,15,10,0,25
2025-03-07T21:11:48,15,10,0,25
2025-03-07T21:44:11,15,10,0,25
2025-03-07T22:16:27,15,10,0,25
2025-03-07T22:48:44,15,10,0,25
2025-03-07T23:21:03,15,10,0,25
2025-03-07T23:53:36,15,10,0,25
2025-03-08T00:25:55,15,10,0,25
2025-03-08T00:58:16,15,10,0,25
2025-03-08T01:30:35,15,10,0,25
2025-03-08T02:02:52,15,10,0,25
2025-03-08T02:35:08,15,10,0,25
2025-03-08T03:07:24,15,10,0,25
2025-03-08T03:39:41,15,10,0,25
2025-03-08T04:33:57,15,10,0,25
2025-03-08T05:06:20,15,10,0,25
2025-03-08T05:38:40,15,10,0,25
2025-03-08T06:11:00,15,10,0,25
2025-03-08T06:43:18,15,10,0,25
2025-03-08T07:15:37,15,10,0,25
2025-03-08T07:47:59,15,10,0,25
2025-03-08T08:20:27,15,10,0,25
2025-03-08T08:52:47,15,10,0,25
2025-03-08T09:25:06,15,10,0,25
2025-03-08T09:57:22,15,10,0,25
2025-03-08T10:29:38,15,10,0,25
2025-03-08T11:01:54,15,10,0,25
2025-03-08T11:34:21,15,10,0,25
2025-03-08T12:06:37,15,10,0,25
2025-03-08T12:38:52,15,10,0,25
2025-03-08T13:11:07,15,10,0,25
2025-03-08T13:43:22,15,10,0,25
2025-03-08T14:15:38,15,10,0,25
2025-03-08T14:48:02,15,10,0,25
2025-03-08T15:20:18,15,10,0,25
2025-03-08T15:52:33,15,10,0,25
2025-03-08T16:24:48,15,10,0,25
2025-03-08T16:57:12,15,10,0,25
2025-03-08T17:29:27,15,10,0,25
2025-03-08T18:01:44,15,10,0,25
2025-03-08T18:34:00,15,10,0,25
2025-03-08T19:06:15,15,10,0,25
2025-03-08T19:38:40,15,10,0,25
2025-03-08T20:10:55,15,10,0,25
2025-03-08T20:43:10,15,10,0,25
2025-03-08T21:15:26,15,10,0,25
2025-03-08T21:47:50,15,10,0,25
2025-03-08T22:20:05,15,10,0,25
2025-03-08T22:52:22,15,10,0,25
2025-03-08T23:24:40,15,10,0,25
2025-03-08T23:56:56,15,10,0,25
2025-03-09T00:29:24,15,10,0,25
2025-03-09T01:01:41,15,10,0,25
2025-03-09T01:33:57,15,10,0,25
2025-03-09T03:06:13,15,10,0,25
2025-03-09T03:38:28,15,10,0,25
2025-03-09T04:12:54,15,10,0,25
2025-03-09T04:36:31,15,10,0,25
2025-03-09T05:09:09,15,10,0,25
2025-03-09T05:41:31,15,10,0,25
2025-03-09T06:13:52,15,10,0,25
2025-03-09T06:46:16,15,10,0,25
2025-03-09T07:18:38,15,10,0,25
2025-03-09T07:50:58,15,10,0,25
2025-03-09T08:23:19,15,10,0,25
2025-03-09T08:55:37,15,10,0,25
2025-03-09T09:28:05,15,10,0,25
2025-03-09T10:00:25,15,10,0,25
2025-03-09T10:32:46,15,10,0,25
2025-03-09T11:05:06,15,10,0,25
2025-03-09T11:37:24,15,10,0,25
2025-03-09T12:09:41,15,10,0,25
2025-03-09T12:42:07,15,10,0,25
2025-03-09T13:14:24,15,10,0,25
2025-03-09T13:46:39,15,10,0,25
2025-03-09T14:18:54,15,10,0,25
2025-03-09T14:51:09,15,10,0,25
2025-03-09T15:23:33,15,10,0,25
2025-03-09T15:55:48,15,10,0,25
2025-03-09T16:28:03,15,10,0,25
2025-03-09T17:00:18,15,10,0,25
2025-03-09T17:32:44,15,10,0,25
2025-03-09T18:05:00,15,10,0,25
2025-03-09T18:37:20,15,10,0,25
2025-03-09T19:09:38,15,10,0,25
2025-03-09T19:42:06,15,10,0,25
2025-03-09T20:14:23,15,10,0,25
2025-03-09T20:46:38,15,10,0,25
2025-03-09T21:18:53,15,10,0,25
2025-03-09T21:51:19,15,10,0,25
2025-03-09T22:23:38,15,10,0,25
2025-03-09T22:56:02,15,10,0,25
2025-03-09T23:28:29,15,10,0,25
2025-03-10T00:00:46,15,10,0,25
2025-03-10T00:33:03,15,10,0,25
2025-03-10T01:05:23,15,10,0,25
2025-03-10T01:37:43,15,10,0,25
2025-03-10T02:10:10,15,10,0,25
2025-03-10T02:42:29,15,10,0,25
2025-03-10T03:14:47,15,10,0,25
2025-03-10T03:47:06,15,10,0,25
2025-03-10T04:37:17,15,10,0,25
2025-03-10T05:11:22,15,10,0,25
2025-03-10T05:43:43,15,10,0,25
2025-03-10T06:16:06,15,10,0,25
2025-03-10T06:48:33,15,10,0,25
2025-03-10T07:20:51,15,10,0,25
2025-03-10T07:53:06,15,10,0,25
2025-03-10T08:25:23,15,10,0,25
2025-03-10T08:57:51,15,10,0,25
2025-03-10T09:30:26,15,10,0,25
2025-03-10T10:02:43,15,10,0,25
2025-03-10T10:35:01,15,10,0,25
2025-03-10T11:07:34,15,10,0,25
2025-03-10T11:39:53,15,10,0,25
2025-03-10T12:12:22,15,10,0,25
2025-03-10T12:44:42,15,10,0,25
2025-03-10T13:17:08,15,10,0,25
2025-03-10T13:49:26,15,10,0,25
2025-03-10T14:21:54,15,10,0,25
2025-03-10T14:54:12,15,10,0,25
2025-03-10T15:26:42,15,10,0,25
2025-03-10T15:59:00,15,10,0,25
2025-03-10T16:31:28,15,10,0,25
2025-03-10T17:03:44,15,10,0,25
2025-03-10T17:36:02,15,10,0,25
2025-03-10T18:08:30,15,10,0,25
2025-03-10T18:40:46,15,10,0,25
2025-03-10T19:13:14,15,10,0,25
2025-03-10T19:45:31,15,10,0,25
2025-03-10T20:17:47,15,10,0,25
2025-03-10T20:50:14,15,10,0,25
2025-03-10T21:22:31,15,10,0,25
2025-03-10T21:54:47,15,10,0,25
2025-03-10T22:27:16,15,10,0,25
2025-03-10T22:59:34,15,10,0,25
2025-03-10T23:31:55,15,10,0,25
2025-03-11T00:04:26,15,10,0,25
2025-03-11T00:36:52,15,10,0,25
2025-03-11T01:09:14,15,10,0,25
2025-03-11T01:41:34,15,10,0,25
2025-03-11T02:13:54,15,10,0,25
2025-03-11T02:46:14,15,10,0,25
2025-03-11T03:18:43,15,10,0,25
2025-03-11T03:51:03,15,10,0,25
2025-03-11T04:31:20,15,10,0,25
2025-03-11T05:04:02,15,10,0,25
2025-03-11T05:36:26,15,10,0,25
2025-03-11T06:08:50,15,10,0,25
2025-03-11T06:41:12,15,10,0,25
2025-03-11T07:13:34,15,10,0,25
2025-03-11T07:45:57,15,10,0,25
2025-03-11T08:18:18,15,10,0,25
2025-03-11T08:50:44,15,10,0,25
2025-03-11T09:23:01,15,10,0,25
2025-03-11T09:55:19,15,10,0,25
2025-03-11T10:27:37,15,10,0,25
2025-03-11T11:00:06,15,10,0,25
2025-03-11T11:32:26,15,10,0,25
2025-03-11T12:04:43,15,10,0,25
2025-03-11T12:37:12,15,10,0,25
2025-03-11T13:09:30,15,10,0,25
2025-03-11T13:42:00,15,10,0,25
2025-03-11T14:14:19,15,10,0,25
2025-03-11T14:46:47,15,10,0,25
2025-03-11T15:19:06,15,10,0,25
2025-03-11T15:51:35,15,10,0,25
2025-03-11T16:23:54,15,10,0,25
2025-03-11T16:56:22,15,10,0,25
2025-03-11T17:28:41,15,10,0,25
2025-03-11T18:01:00,15,10,0,25
2025-03-11T18:33:28,15,10,0,25
2025-03-11T19:05:46,15,10,0,25
2025-03-11T19:38:04,15,10,0,25
2025-03-11T20:10:32,15,10,0,25
2025-03-11T20:42:50,15,10,0,25
2025-03-11T21:15:08,15,10,0,25
2025-03-11T21:47:34,15,10,0,25
2025-03-11T22:19:52,15,10,0,25
2025-03-11T22:52:11,15,10,0,25
2025-03-11T23:24:34,15,10,0,25
2025-03-11T23:57:53,15,10,0,25
2025-03-12T00:30:16,15,10,0,25
2025-03-12T01:02:42,15,10,0,25
2025-03-12T01:35:05,15,10,0,25
2025-03-12T02:07:39,15,10,0,25
2025-03-12T02:40:00,15,10,0,25
2025-03-12T03:12:21,15,10,0,25
2025-03-12T03:44:44,15,10,0,25
2025-03-12T04:29:28,15,10,0,25
2025-03-12T05:03:29,15,10,0,25
2025-03-12T05:35:53,15,10,0,25
2025-03-12T06:08:16,15,10,0,25
2025-03-12T06:40:40,15,10,0,25
2025-03-12T07:13:03,15,10,0,25
2025-03-12T07:45:23,15,10,0,25
2025-03-12T08:17:42,15,10,0,25
2025-03-12T08:50:02,15,10,0,25
2025-03-12T09:22:30,15,10,0,25
2025-03-12T09:54:48,15,10,0,25
2025-03-12T10:27:06,15,10,0,25
2025-03-12T10:59:22,15,10,0,25
2025-03-12T11:31:55,15,10,0,25
2025-03-12T12:04:14,15,10,0,25
2025-03-12T12:36:43,15,10,0,25
2025-03-12T13:09:03,15,10,0,25
2025-03-12T13:41:36,15,10,0,25
2025-03-12T14:14:01,15,10,0,25
2025-03-12T14:46:21,15,10,0,25
2025-03-12T15:18:52,15,10,0,25
2025-03-12T15:51:13,15,10,0,25
2025-03-12T16:23:42,15,10,0,25
2025-03-12T16:56:03,15,10,0,25
2025-03-12T17:28:35,15,10,0,25
2025-03-12T18:00:54,15,10,0,25
2025-03-12T18:33:14,15,10,0,25
2025-03-12T19:05:48,15,10,0,25
2025-03-12T19:38:08,15,10,0,25
2025-03-12T20:10:28,15,10,0,25
2025-03-12T20:42:47,15,10,0,25
2025-03-12T21:15:16,15,10,0,25
2025-03-12T21:47:35,15,10,0,25
2025-03-12T22:19:54,15,10,0,25
2025-03-12T22:52:16,15,10,0,25
2025-03-12T23:24:51,15,10,0,25
2025-03-12T23:57:11,15,10,0,25
2025-03-13T00:29:34,15,10,0,25
2025-03-13T01:02:02,15,10,0,25
2025-03-13T01:34:36,15,10,0,25
2025-03-13T02:06:59,15,10,0,25
2025-03-13T02:39:21,15,10,0,25
2025-03-13T03:11:42,15,10,0,25
2025-03-13T03:44:05,15,10,0,25
2025-03-13T04:16:30,15,10,0,25
2025-03-13T04:37:15,15,10,0,25
2025-03-13T05:11:25,15,10,0,25
2025-03-13T05:43:52,15,10,0,25
2025-03-13T06:16:17,15,10,0,25
2025-03-13T06:48:44,15,10,0,25
2025-03-13T07:21:07,15,10,0,25
2025-03-13T07:53:28,15,10,0,25
2025-03-13T08:25:50,15,10,0,25
2025-03-13T08:58:12,15,10,0,25
2025-03-13T09:30:40,15,10,0,25
2025-03-13T10:02:59,15,10,0,25
2025-03-13T10:35:20,15,10,0,25
2025-03-13T11:07:40,15,10,0,25
2025-03-13T11:40:12,15,10,0,25
2025-03-13T12:12:33,15,10,0,25
2025-03-13T12:44:55,15,10,0,25
2025-03-13T13:17:25,15,10,0,25
2025-03-13T13:49:46,15,10,0,25
2025-03-13T14:22:18,15,10,0,25
2025-03-13T14:54:39,15,10,0,25
2025-03-13T15:27:10,15,10,0,25
2025-03-13T15:59:30,15,10,0,25
2025-03-13T16:32:00,15,10,0,25
2025-03-13T17:04:20,15,10,0,25
2025-03-13T17:36:43,15,10,0,25
2025-03-13T18:09:14,15,10,0,25
2025-03-13T18:41:35,15,10,0,25
2025-03-13T19:13:55,15,10,0,25
2025-03-13T19:46:26,15,10,0,25
2025-03-13T20:18:45,15,10,0,25
2025-03-13T20:51:05,15,10,0,25
2025-03-13T21:23:35,15,10,0,25
2025-03-13T21:55:56,15,10,0,25
2025-03-13T22:28:15,15,10,0,25
2025-03-13T23:00:36,15,10,0,25
2025-03-13T23:33:07,15,10,0,25
2025-03-14T00:05:28,15,10,0,25
2025-03-14T00:37:55,15,10,0,25
2025-03-14T01:10:22,15,10,0,25
2025-03-14T01:42:57,15,10,0,25
2025-03-14T02:15:21,15,10,0,25
2025-03-14T02:47:49,15,10,0,25
2025-03-14T03:20:13,15,10,0,25
2025-03-14T03:52:38,15,10,0,25
2025-03-14T04:38:14,15,10,0,25
2025-03-14T05:10:42,15,10,0,25
2025-03-14T05:43:10,15,10,0,25
2025-03-14T06:15:36,15,10,0,25
2025-03-14T06:48:02,15,10,0,25
2025-03-14T07:20:26,15,10,0,25
2025-03-14T07:52:46,15,10,0,25
2025-03-14T08:25:06,15,10,0,25
2025-03-14T08:57:27,15,10,0,25
2025-03-14T09:29:57,15,10,0,25
2025-03-14T10:02:17,15,10,0,25
2025-03-14T10:34:37,15,10,0,25
2025-03-14T11:07:12,15,10,0,25
2025-03-14T11:39:31,15,10,0,25
2025-03-14T12:11:51,15,10,0,25
2025-03-14T12:44:22,15,10,0,25
2025-03-14T13:16:43,15,10,0,25
2025-03-14T13:49:16,15,10,0,25
2025-03-14T14:21:37,15,10,0,25
2025-03-14T14:54:09,15,10,0,25
2025-03-14T15:26:30,15,10,0,25
2025-03-14T15:59:03,15,10,0,25
2025-03-14T16:31:26,15,10,0,25
2025-03-14T17:03:48,15,10,0,25
2025-03-14T17:36:20,15,10,0,25
2025-03-14T18:08:42,15,10,0,25
2025-03-14T18:41:13,15,10,0,25
2025-03-14T19:13:35,15,10,0,25
2025-03-14T19:45:57,15,10,0,25
2025-03-14T20:18:28,15,10,0,25
2025-03-14T20:50:51,15,10,0,25
2025-03-14T21:23:12,15,10,0,25
2025-03-14T21:55:43,15,10,0,25
2025-03-14T22:28:06,15,10,0,25
2025-03-14T23:00:28,15,10,0,25
2025-03-14T23:33:04,15,10,0,25
2025-03-15T00:05:28,15,10,0,25
2025-03-15T00:37:54,15,10,0,25
2025-03-15T01:10:19,15,10,0,25
2025-03-15T01:42:46,15,10,0,25
2025-03-15T02:15:20,15,10,0,25
2025-03-15T02:47:42,15,10,0,25
2025-03-15T03:20:04,15,10,0,25
2025-03-15T03:52:28,15,10,0,25
2025-03-15T04:42:56,15,10,0,25
2025-03-15T05:15:32,15,10,0,25
2025-03-15T05:48:01,15,10,0,25
2025-03-15T06:20:26,15,10,0,25
2025-03-15T06:52:53,15,10,0,25
2025-03-15T07:25:26,15,10,0,25
2025-03-15T07:57:52,15,10,0,25
2025-03-15T08:30:20,15,10,0,25
2025-03-15T09:02:47,15,10,0,25
2025-03-15T09:35:13,15,10,0,25
2025-03-15T10:07:53,15,10,0,25
2025-03-15T10:40:15,15,10,0,25
2025-03-15T11:12:36,15,10,0,25
2025-03-15T11:44:59,15,10,0,25
2025-03-15T12:17:33,15,10,0,25
2025-03-15T12:49:56,15,10,0,25
2025-03-15T13:22:17,15,10,0,25
2025-03-15T13:54:56,15,10,0,25
2025-03-15T14:27:19,15,10,0,25
2025-03-15T14:59:41,15,10,0,25
2025-03-15T15:32:15,15,10,0,25
2025-03-15T16:04:36,15,10,0,25
2025-03-15T16:36:58,15,10,0,25
2025-03-15T17:09:20,15,10,0,25
2025-03-15T17:41:51,15,10,0,25
2025-03-15T18:14:12,15,10,0,25
2025-03-15T18:46:34,15,10,0,25
2025-03-15T19:19:12,15,10,0,25
2025-03-15T19:51:34,15,10,0,25
2025-03-15T20:23:55,15,10,0,25
2025-03-15T20:56:16,15,10,0,25
2025-03-15T21:28:46,15,10,0,25
2025-03-15T22:01:08,15,10,0,25
2025-03-15T22:33:30,15,10,0,25
2025-03-15T23:05:55,15,10,0,25
2025-03-15T23:38:37,15,10,0,25
2025-03-16T00:10:59,15,10,0,25
2025-03-16T00:55:33,15,10,0,25
2025-03-16T01:27:59,15,10,0,25
2025-03-16T02:00:25,15,10,0,25
2025-03-16T02:33:19,15,10,0,25
2025-03-16T03:05:45,15,10,0,25
2025-03-16T03:38:11,15,10,0,25
2025-03-16T04:12:14,15,10,0,25
2025-03-16T04:32:37,15,10,0,25
2025-03-16T05:05:06,15,10,0,25
2025-03-16T05:37:34,15,10,0,25
2025-03-16T06:10:01,15,10,0,25
2025-03-16T06:42:29,15,10,0,25
2025-03-16T07:14:53,15,10,0,25
2025-03-16T07:47:15,15,10,0,25
2025-03-16T08:19:45,15,10,0,25
2025-03-16T08:52:11,15,10,0,25
2025-03-16T09:24:34,15,10,0,25
2025-03-16T09:56:57,15,10,0,25
2025-03-16T10:29:19,15,10,0,25
2025-03-16T11:01:42,15,10,0,25
2025-03-16T11:34:06,15,10,0,25
2025-03-16T12:06:44,15,10,0,25
2025-03-16T12:39:08,15,10,0,25
2025-03-16T13:11:29,15,10,0,25
2025-03-16T13:44:00,15,10,0,25
2025-03-16T14:16:21,15,10,0,25
2025-03-16T14:48:42,15,10,0,25
2025-03-16T15:21:03,15,10,0,25
2025-03-16T15:53:34,15,10,0,25
2025-03-16T16:25:56,15,10,0,25
2025-03-16T16:58:17,15,10,0,25
2025-03-16T17:30:48,15,10,0,25
2025-03-16T18:03:09,15,10,0,25
2025-03-16T18:35:30,15,10,0,25
2025-03-16T19:07:52,15,10,0,25
2025-03-16T19:40:22,15,10,0,25
2025-03-16T20:12:44,15,10,0,25
2025-03-16T20:45:08,15,10,0,25
2025-03-16T21:17:43,15,10,0,25
2025-03-16T21:50:09,15,10,0,25
2025-03-16T22:22:32,15,10,0,25
2025-03-16T22:55:11,15,10,0,25
2025-03-16T23:27:35,15,10,0,25
2025-03-16T23:59:59,15,10,0,25
2025-03-17T00:32:34,15,10,0,25
2025-03-17T01:05:12,15,10,0,25
2025-03-17T01:37:42,15,10,0,25
2025-03-17T02:10:17,15,10,0,25
2025-03-17T02:42:46,15,10,0,25
2025-03-17T03:15:11,15,10,0,25
2025-03-17T03:47:35,15,10,0,25
2025-03-17T04:38:01,15,10,0,25
2025-03-17T05:10:31,15,10,0,25
2025-03-17T05:42:59,15,10,0,25
2025-03-17T06:15:27,15,10,0,25
2025-03-17T06:47:54,15,10,0,25
2025-03-17T07:20:22,15,10,0,25
2025-03-17T07:52:54,15,10,0,25
2025-03-17T08:25:19,15,10,0,25
2025-03-17T08:57:42,15,10,0,25
2025-03-17T09:30:05,15,10,0,25
2025-03-17T10:02:27,15,10,0,25
2025-03-17T10:35:01,15,10,0,25
2025-03-17T11:07:24,15,10,0,25
2025-03-17T11:40:01,15,10,0,25
2025-03-17T12:12:25,15,10,0,25
2025-03-17T12:45:14,15,10,0,25
2025-03-17T13:17:39,15,10,0,25
2025-03-17T13:50:17,15,10,0,25
2025-03-17T14:22:43,15,10,0,25
2025-03-17T14:55:18,15,10,0,25
2025-03-17T15:27:46,15,10,0,25
2025-03-17T16:00:20,15,10,0,25
2025-03-17T16:32:55,15,10,0,25
2025-03-17T17:05:19,15,10,0,25
2025-03-17T17:37:44,15,10,0,25
2025-03-17T18:10:19,15,10,0,25
2025-03-17T18:42:42,15,10,0,25
2025-03-17T19:15:07,15,10,0,25
2025-03-17T19:47:42,15,10,0,25
2025-03-17T20:20:06,15,10,0,25
2025-03-17T20:52:30,15,10,0,25
2025-03-17T21:25:03,15,10,0,25
2025-03-17T21:57:26,15,10,0,25
2025-03-17T22:29:51,15,10,0,25
2025-03-17T23:02:28,15,10,0,25
2025-03-17T23:34:54,15,10,0,25
2025-03-18T00:07:20,15,10,0,25
2025-03-18T00:39:50,15,10,0,25
2025-03-18T01:12:32,15,10,0,25
2025-03-18T01:44:59,15,10,0,25
2025-03-18T02:17:25,15,10,0,25
2025-03-18T02:49:50,15,10,0,25
2025-03-18T03:22:18,15,10,0,25
2025-03-18T03:54:43,15,10,0,25
2025-03-18T04:31:21,15,10,0,25
2025-03-18T05:03:53,15,10,0,25
2025-03-18T05:36:23,15,10,0,25
2025-03-18T06:08:51,15,10,0,25
2025-03-18T06:41:23,15,10,0,25
2025-03-18T07:13:50,15,10,0,25
2025-03-18T07:46:37,15,10,0,25
2025-03-18T08:19:03,15,10,0,25
2025-03-18T08:51:29,15,10,0,25
2025-03-18T09:23:55,15,10,0,25
2025-03-18T09:56:19,15,10,0,25
2025-03-18T10:28:54,15,10,0,25
2025-03-18T11:01:27,15,10,0,25
2025-03-18T11:34:09,15,10,0,25
2025-03-18T12:06:45,15,10,0,25
2025-03-18T12:39:27,15,10,0,25
2025-03-18T13:12:16,15,10,0,25
2025-03-18T13:45:00,15,10,0,25
2025-03-18T14:17:33,15,10,0,25
2025-03-18T14:50:12,15,10,0,25
2025-03-18T15:22:37,15,10,0,25
2025-03-18T15:55:13,15,10,0,25
2025-03-18T16:27:47,15,10,0,25
2025-03-18T17:00:13,15,10,0,25
2025-03-18T17:32:40,15,10,0,25
2025-03-18T18:05:24,15,10,0,25
2025-03-18T18:37:49,15,10,0,25
2025-03-18T19:10:15,15,10,0,25
2025-03-18T19:42:52,15,10,0,25
2025-03-18T20:15:21,15,10,0,25
2025-03-18T20:47:56,15,10,0,25
2025-03-18T21:20:23,15,10,0,25
2025-03-18T21:52:50,15,10,0,25
2025-03-18T22:25:43,15,10,0,25
2025-03-18T22:58:09,15,10,0,25
2025-03-18T23:30:35,15,10,0,25
2025-03-19T00:03:12,15,10,0,25
2025-03-19T00:35:41,15,10,0,25
2025-03-19T01:08:14,15,10,0,25
2025-03-19T01:40:43,15,10,0,25
2025-03-19T02:13:27,15,10,0,25
2025-03-19T02:45:56,15,10,0,25
2025-03-19T03:18:24,15,10,0,25
2025-03-19T03:50:57,15,10,0,25
2025-03-19T04:31:39,15,10,0,25
2025-03-19T05:04:11,15,10,0,25
2025-03-19T05:36:44,15,10,0,25
2025-03-19T06:09:14,15,10,0,25
2025-03-19T06:41:46,15,10,0,25
2025-03-19T07:14:17,15,10,0,25
2025-03-19T07:46:43,15,10,0,25
2025-03-19T08:19:19,15,10,0,25
2025-03-19T08:51:48,15,10,0,25
2025-03-19T09:24:14,15,10,0,25
2025-03-19T09:56:53,15,10,0,25
2025-03-19T10:29:24,15,10,0,25
2025-03-19T11:01:55,15,10,0,25
2025-03-19T11:34:34,15,10,0,25
2025-03-19T12:07:01,15,10,0,25
2025-03-19T12:39:29,15,10,0,25
2025-03-19T13:12:05,15,10,0,25
2025-03-19T13:44:33,15,10,0,25
2025-03-19T14:17:03,15,10,0,25
2025-03-19T14:49:45,15,10,0,25
2025-03-19T15:22:13,15,10,0,25
2025-03-19T15:54:53,15,10,0,25
2025-03-19T16:27:26,15,10,0,25
2025-03-19T17:00:13,15,10,0,25
2025-03-19T17:32:41,15,10,0,25
2025-03-19T18:05:08,15,10,0,25
2025-03-19T18:37:45,15,10,0,25
2025-03-19T19:10:11,15,10,0,25
2025-03-19T19:42:38,15,10,0,25
2025-03-19T20:15:05,15,10,0,25
2025-03-19T20:47:44,15,10,0,25
2025-03-19T21:20:12,15,10,0,25
2025-03-19T21:52:40,15,10,0,25
2025-03-19T22:25:22,15,10,0,25
2025-03-19T22:57:53,15,10,0,25
2025-03-19T23:30:22,15,10,0,25
2025-03-20T00:03:01,15,10,0,25
2025-03-20T00:35:37,15,10,0,25
2025-03-20T01:08:10,15,10,0,25
2025-03-20T01:40:40,15,10,0,25
2025-03-20T02:13:19,15,10,0,25
2025-03-20T02:45:49,15,10,0,25
2025-03-20T03:18:17,15,10,0,25
2025-03-20T03:50:46,15,10,0,25
2025-03-20T04:26:58,15,10,0,25
2025-03-20T05:01:17,15,10,0,25
2025-03-20T05:33:49,15,10,0,25
2025-03-20T06:06:21,15,10,0,25
2025-03-20T06:38:54,15,10,0,25
2025-03-20T07:11:26,15,10,0,25
2025-03-20T07:43:55,15,10,0,25
2025-03-20T08:16:33,15,10,0,25
2025-03-20T08:49:01,15,10,0,25
2025-03-20T09:21:30,15,10,0,25
2025-03-20T09:53:59,15,10,0,25
2025-03-20T10:26:38,15,10,0,25
2025-03-20T10:59:07,15,10,0,25
2025-03-20T11:31:48,15,10,0,25
2025-03-20T12:04:19,15,10,0,25
2025-03-20T12:37:02,15,10,0,25
2025-03-20T13:09:31,15,10,0,25
2025-03-20T13:42:13,15,10,0,25
2025-03-20T14:14:46,15,10,0,25
2025-03-20T14:47:26,15,10,0,25
2025-03-20T15:20:08,15,10,0,25
2025-03-20T15:52:51,15,10,0,25
2025-03-20T16:25:19,15,10,0,25
2025-03-20T16:57:57,15,10,0,25
2025-03-20T17:30:26,15,10,0,25
2025-03-20T18:02:55,15,10,0,25
2025-03-20T18:35:33,15,10,0,25
2025-03-20T19:08:02,15,10,0,25
2025-03-20T19:40:39,15,10,0,25
2025-03-20T20:13:07,15,10,0,25
2025-03-20T20:45:37,15,10,0,25
2025-03-20T21:18:18,15,10,0,25
2025-03-20T21:50:47,15,10,0,25
2025-03-20T22:23:16,15,10,0,25
2025-03-20T22:55:58,15,10,0,25
2025-03-20T23:28:28,15,10,0,25
2025-03-21T00:00:57,15,10,0,25
2025-03-21T00:33:41,15,10,0,25
2025-03-21T01:06:14,15,10,0,25
2025-03-21T01:38:47,15,10,0,25
2025-03-21T02:11:21,15,10,0,25
2025-03-21T02:44:04,15,10,0,25
2025-03-21T03:16:50,15,10,0,25
2025-03-21T03:49:42,15,10,0,25
2025-03-21T04:26:58,15,10,0,25
2025-03-21T04:59:34,15,10,0,25
2025-03-21T05:32:07,15,10,0,25
2025-03-21T06:04:41,15,10,0,25
2025-03-21T06:37:19,15,10,0,25
2025-03-21T07:10:02,15,10,0,25
2025-03-21T07:42:34,15,10,0,25
2025-03-21T08:15:14,15,10,0,25
2025-03-21T08:47:45,15,10,0,25
2025-03-21T09:20:15,15,10,0,25
2025-03-21T09:52:46,15,10,0,25
2025-03-21T10:25:27,15,10,0,25
2025-03-21T10:57:57,15,10,0,25
2025-03-21T11:30:42,15,10,0,25
2025-03-21T12:03:12,15,10,0,25
2025-03-21T12:35:44,15,10,0,25
2025-03-21T13:08:29,15,10,0,25
2025-03-21T13:40:58,15,10,0,25
2025-03-21T14:13:40,15,10,0,25
2025-03-21T14:46:12,15,10,0,25
2025-03-21T15:18:44,15,10,0,25
2025-03-21T15:51:25,15,10,0,25
2025-03-21T16:23:56,15,10,0,25
2025-03-21T16:56:37,15,10,0,25
2025-03-21T17:29:09,15,10,0,25
2025-03-21T18:01:40,15,10,0,25
2025-03-21T18:34:24,15,10,0,25
2025-03-21T19:06:55,15,10,0,25
2025-03-21T19:39:25,15,10,0,25
2025-03-21T20:12:06,15,10,0,25
2025-03-21T20:44:36,15,10,0,25
2025-03-21T21:17:07,15,10,0,25
2025-03-21T21:49:49,15,10,0,25
2025-03-21T22:22:20,15,10,0,25
2025-03-21T22:54:55,15,10,0,25
2025-03-21T23:27:41,15,10,0,25
2025-03-22T00:00:13,15,10,0,25
2025-03-22T00:32:48,15,10,0,25
2025-03-22T01:05:36,15,10,0,25
2025-03-22T01:38:09,15,10,0,25
2025-03-22T02:10:42,15,10,0,25
2025-03-22T02:43:13,15,10,0,25
2025-03-22T03:15:46,15,10,0,25
2025-03-22T03:48:19,15,10,0,25
2025-03-22T20:37:41,15,10,0,25
2025-03-22T21:10:12,15,10,0,25
2025-03-22T21:42:46,15,10,0,25
2025-03-22T22:15:29,15,10,0,25
2025-03-22T22:48:02,15,10,0,25
2025-03-22T23:20:37,15,10,0,25
2025-03-22T23:53:20,15,10,0,25
2025-03-23T00:25:54,15,10,0,25
2025-03-23T00:58:28,15,10,0,25
2025-03-23T01:31:04,15,10,0,25
2025-03-23T02:03:46,15,10,0,25
2025-03-23T02:36:17,15,10,0,25
2025-03-23T03:08:52,15,10,0,25
2025-03-23T03:41:47,15,10,0,25
2025-03-23T04:34:22,15,10,0,25
2025-03-23T05:07:04,15,10,0,25
2025-03-23T05:39:44,15,10,0,25
2025-03-23T06:12:24,15,10,0,25
2025-03-23T06:45:00,15,10,0,25
2025-03-23T07:17:40,15,10,0,25
2025-03-23T07:50:16,15,10,0,25
2025-03-23T08:22:56,15,10,0,25
2025-03-23T08:55:41,15,10,0,25
2025-03-23T09:28:16,15,10,0,25
2025-03-23T10:00:49,15,10,0,25
2025-03-23T10:33:25,15,10,0,25
2025-03-23T11:06:03,15,10,0,25
2025-03-23T11:38:50,15,10,0,25
2025-03-23T12:11:26,15,10,0,25
2025-03-23T12:44:06,15,10,0,25
2025-03-23T13:16:38,15,10,0,25
2025-03-23T13:49:12,15,10,0,25
2025-03-23T14:22:08,15,10,0,25
2025-03-23T14:55:32,15,10,0,25
2025-03-23T15:28:55,15,10,0,25
2025-03-23T16:01:36,15,10,0,25
2025-03-23T16:34:44,15,10,0,25
2025-03-23T17:07:34,15,10,0,25
2025-03-23T17:40:07,15,10,0,25
2025-03-23T18:12:40,15,10,0,25
2025-03-23T18:45:24,15,10,0,25
2025-03-23T19:17:56,15,10,0,25
2025-03-23T19:50:30,15,10,0,25
2025-03-23T20:23:16,15,10,0,25
2025-03-23T20:55:51,15,10,0,25
2025-03-23T21:28:34,15,10,0,25
2025-03-23T22:01:12,15,10,0,25
2025-03-23T22:33:45,15,10,0,25
2025-03-23T23:06:29,15,10,0,25
2025-03-23T23:39:01,15,10,0,25
2025-03-24T00:11:39,15,10,0,25
2025-03-24T00:44:26,15,10,0,25
2025-03-24T01:17:05,15,10,0,25
2025-03-24T01:49:41,15,10,0,25
2025-03-24T02:22:16,15,10,0,25
2025-03-24T02:54:52,15,10,0,25
2025-03-24T03:27:37,15,10,0,25
2025-03-24T04:00:14,15,10,0,25
2025-03-24T04:39:18,15,10,0,25
2025-03-24T05:11:57,15,10,0,25
2025-03-24T05:44:36,15,10,0,25
2025-03-24T06:17:15,15,10,0,25
2025-03-24T06:49:53,15,10,0,25
2025-03-24T07:22:32,15,10,0,25
2025-03-24T07:55:19,15,10,0,25
2025-03-24T08:28:01,15,10,0,25
2025-03-24T09:00:36,15,10,0,25
2025-03-24T09:33:09,15,10,0,25
2025-03-24T10:05:52,15,10,0,25
2025-03-24T10:38:27,15,10,0,25
2025-03-24T11:11:10,15,10,0,25
2025-03-24T11:43:54,15,10,0,25
2025-03-24T12:16:30,15,10,0,25
2025-03-24T12:49:14,15,10,0,25
2025-03-24T13:21:57,15,10,0,25
2025-03-24T13:54:31,15,10,0,25
2025-03-24T14:27:13,15,10,0,25
2025-03-24T14:59:48,15,10,0,25
2025-03-24T15:32:34,15,10,0,25
2025-03-24T16:05:19,15,10,0,25
2025-03-24T16:38:07,15,10,0,25
2025-03-24T17:10:40,15,10,0,25
2025-03-24T17:43:29,15,10,0,25
2025-03-24T18:16:05,15,10,0,25
2025-03-24T18:48:49,15,10,0,25
2025-03-24T19:21:37,15,10,0,25
2025-03-24T19:54:09,15,10,0,25
2025-03-24T20:26:55,15,10,0,25
2025-03-24T20:59:27,15,10,0,25
2025-03-24T21:32:17,15,10,0,25
2025-03-24T22:04:54,15,10,0,25
2025-03-24T22:37:38,15,10,0,25
2025-03-24T23:10:17,15,10,0,25
2025-03-24T23:42:50,15,10,0,25
2025-03-25T00:15:39,15,10,0,25
2025-03-25T00:48:22,15,10,0,25
2025-03-25T01:21:10,15,10,0,25
2025-03-25T01:53:50,15,10,0,25
2025-03-25T02:26:25,15,10,0,25
2025-03-25T02:59:04,15,10,0,25
2025-03-25T03:31:53,15,10,0,25
2025-03-25T04:04:36,15,10,0,25
2025-03-25T04:28:54,15,10,0,25
2025-03-25T05:03:25,15,10,0,25
2025-03-25T05:36:05,15,10,0,25
2025-03-25T06:08:42,15,10,0,25
2025-03-25T06:41:17,15,10,0,25
2025-03-25T07:14:04,15,10,0,25
2025-03-25T07:46:40,15,10,0,25
2025-03-25T08:19:18,15,10,0,25
2025-03-25T08:51:56,15,10,0,25
2025-03-25T09:24:45,15,10,0,25
2025-03-25T09:57:19,15,10,0,25
2025-03-25T10:30:12,15,10,0,25
2025-03-25T11:03:00,15,10,0,25
2025-03-25T11:35:48,15,10,0,25
2025-03-25T12:08:25,15,10,0,25
2025-03-25T12:41:09,15,10,0,25
2025-03-25T13:13:52,15,10,0,25
2025-03-25T13:46:37,15,10,0,25
2025-03-25T14:19:23,15,10,0,25
2025-03-25T14:52:01,15,10,0,25
2025-03-25T15:24:48,15,10,0,25
2025-03-25T15:57:32,15,10,0,25
2025-03-25T16:30:19,15,10,0,25
2025-03-25T17:03:04,15,10,0,25
2025-03-25T17:35:38,15,10,0,25
2025-03-25T18:08:22,15,10,0,25
2025-03-25T18:41:07,15,10,0,25
2025-03-25T19:13:40,15,10,0,25
2025-03-25T19:46:26,15,10,0,25
2025-03-25T20:19:12,15,10,0,25
2025-03-25T20:51:58,15,10,0,25
2025-03-25T21:24:31,15,10,0,25
2025-03-25T21:57:16,15,10,0,25
2025-03-25T22:29:50,15,10,0,25
2025-03-25T23:02:37,15,10,0,25
2025-03-25T23:35:25,15,10,0,25
2025-03-26T00:08:17,15,10,0,25
2025-03-26T00:41:16,15,10,0,25
2025-03-26T01:13:56,15,10,0,25
2025-03-26T01:46:56,15,10,0,25
2025-03-26T02:19:51,15,10,0,25
2025-03-26T02:52:42,15,10,0,25
2025-03-26T03:25:19,15,10,0,25
2025-03-26T03:58:06,15,10,0,25
2025-03-26T04:36:58,15,10,0,25
2025-03-26T05:09:38,15,10,0,25
2025-03-26T05:42:20,15,10,0,25
2025-03-26T06:15:04,15,10,0,25
2025-03-26T06:47:52,15,10,0,25
2025-03-26T07:20:35,15,10,0,25
2025-03-26T07:53:14,15,10,0,25
2025-03-26T08:26:01,15,10,0,25
2025-03-26T08:58:42,15,10,0,25
2025-03-26T09:31:34,15,10,0,25
2025-03-26T10:04:28,15,10,0,25
2025-03-26T10:37:24,15,10,0,25
2025-03-26T11:10:04,15,10,0,25
2025-03-26T11:42:53,15,10,0,25
2025-03-26T12:15:42,15,10,0,25
2025-03-26T12:48:32,15,10,0,25
2025-03-26T13:21:23,15,10,0,25
2025-03-26T13:53:58,15,10,0,25
2025-03-26T14:26:47,15,10,0,25
2025-03-26T14:59:37,15,10,0,25
2025-03-26T15:32:14,15,10,0,25
2025-03-26T16:05:06,15,10,0,25
2025-03-26T16:37:59,15,10,0,25
2025-03-26T17:10:37,15,10,0,25
2025-03-26T17:43:26,15,10,0,25
2025-03-26T18:16:07,15,10,0,25
2025-03-26T18:48:54,15,10,0,25
2025-03-26T19:21:34,15,10,0,25
2025-03-26T19:54:23,15,10,0,25
2025-03-26T20:26:56,15,10,0,25
2025-03-26T20:59:42,15,10,0,25
2025-03-26T21:32:19,15,10,0,25
2025-03-26T22:05:04,15,10,0,25
2025-03-26T22:37:38,15,10,0,25
2025-03-26T23:10:29,15,10,0,25
2025-03-26T23:43:04,15,10,0,25
2025-03-27T00:15:44,15,10,0,25
2025-03-27T00:48:34,15,10,0,25
2025-03-27T01:21:13,15,10,0,25
2025-03-27T01:53:51,15,10,0,25
2025-03-27T02:26:27,15,10,0,25
2025-03-27T02:59:15,15,10,0,25
2025-03-27T03:31:49,15,10,0,25
2025-03-27T04:04:26,15,10,0,25
2025-03-27T04:26:30,15,10,0,25
2025-03-27T05:00:54,15,10,0,25
2025-03-27T05:33:33,15,10,0,25
2025-03-27T06:06:17,15,10,0,25
2025-03-27T06:38:59,15,10,0,25
2025-03-27T07:11:50,15,10,0,25
2025-03-27T07:44:27,15,10,0,25
2025-03-27T08:17:04,15,10,0,25
2025-03-27T08:49:42,15,10,0,25
2025-03-27T09:22:26,15,10,0,25
2025-03-27T09:55:20,15,10,0,25
2025-03-27T10:27:58,15,10,0,25
2025-03-27T11:00:44,15,10,0,25
2025-03-27T11:33:20,15,10,0,25
2025-03-27T12:06:06,15,10,0,25
2025-03-27T12:38:40,15,10,0,25
2025-03-27T13:11:25,15,10,0,25
2025-03-27T13:44:00,15,10,0,25
2025-03-27T14:16:45,15,10,0,25
2025-03-27T14:49:22,15,10,0,25
2025-03-27T15:22:07,15,10,0,25
2025-03-27T15:54:43,15,10,0,25
2025-03-27T16:27:29,15,10,0,25
2025-03-27T17:00:02,15,10,0,25
2025-03-27T17:32:49,15,10,0,25
2025-03-27T18:05:24,15,10,0,25
2025-03-27T18:38:10,15,10,0,25
2025-03-27T19:10:44,15,10,0,25
2025-03-27T19:43:20,15,10,0,25
2025-03-27T20:16:05,15,10,0,25
2025-03-27T20:48:38,15,10,0,25
2025-03-27T21:21:25,15,10,0,25
2025-03-27T21:53:56,15,10,0,25
2025-03-27T22:26:30,15,10,0,25
2025-03-27T22:59:19,15,10,0,25
2025-03-27T23:31:55,15,10,0,25
2025-03-28T00:04:41,15,10,0,25
2025-03-28T00:37:22,15,10,0,25
2025-03-28T01:10:06,15,10,0,25
2025-03-28T01:42:44,15,10,0,25
2025-03-28T02:15:34,15,10,0,25
2025-03-28T02:48:10,15,10,0,25
2025-03-28T03:20:50,15,10,0,25
2025-03-28T03:53:29,15,10,0,25
2025-03-28T04:27:34,15,10,0,25
2025-03-28T05:01:55,15,10,0,25
2025-03-28T05:34:36,15,10,0,25
2025-03-28T06:07:17,15,10,0,25
2025-03-28T06:39:55,15,10,0,25
2025-03-28T07:12:35,15,10,0,25
2025-03-28T07:45:15,15,10,0,25
2025-03-28T08:18:00,15,10,0,25
2025-03-28T08:50:39,15,10,0,25
2025-03-28T09:23:14,15,10,0,25
2025-03-28T09:55:56,15,10,0,25
2025-03-28T10:28:31,15,10,0,25
2025-03-28T11:01:03,15,10,0,25
2025-03-28T11:33:46,15,10,0,25
2025-03-28T12:06:21,15,10,0,25
2025-03-28T12:39:06,15,10,0,25
2025-03-28T13:11:38,15,10,0,25
2025-03-28T13:44:19,15,10,0,25
2025-03-28T14:16:54,15,10,0,25
2025-03-28T14:49:36,15,10,0,25
2025-03-28T15:22:11,15,10,0,25
2025-03-28T15:54:52,15,10,0,25
2025-03-28T16:27:25,15,10,0,25
2025-03-28T17:00:08,15,10,0,25
2025-03-28T17:32:44,15,10,0,25
2025-03-28T18:05:19,15,10,0,25
2025-03-28T18:38:01,15,10,0,25
2025-03-28T19:10:35,15,10,0,25
2025-03-28T19:43:08,15,10,0,25
2025-03-28T20:15:51,15,10,0,25
2025-03-28T20:48:25,15,10,0,25
2025-03-28T21:21:00,15,10,0,25
2025-03-28T21:53:45,15,10,0,25
2025-03-28T22:26:18,15,10,0,25
2025-03-28T22:58:55,15,10,0,25
2025-03-28T23:31:40,15,10,0,25
2025-03-29T00:04:14,15,10,0,25
2025-03-29T00:36:55,15,10,0,25
2025-03-29T01:09:46,15,10,0,25
2025-03-29T01:42:21,15,10,0,25
2025-03-29T02:14:58,15,10,0,25
2025-03-29T02:47:33,15,10,0,25
2025-03-29T03:20:11,15,10,0,25
2025-03-29T03:52:46,15,10,0,25
2025-03-29T04:28:24,15,10,0,25
2025-03-29T05:01:04,15,10,0,25
2025-03-29T05:33:42,15,10,0,25
2025-03-29T06:06:24,15,10,0,25
2025-03-29T06:39:03,15,10,0,25
2025-03-29T07:11:41,15,10,0,25
2025-03-29T07:44:25,15,10,0,25
2025-03-29T08:17:00,15,10,0,25
2025-03-29T08:49:35,15,10,0,25
2025-03-29T09:22:16,15,10,0,25
2025-03-29T09:54:48,15,10,0,25
2025-03-29T10:27:22,15,10,0,25
2025-03-29T11:00:03,15,10,0,25
2025-03-29T11:32:35,15,10,0,25
2025-03-29T12:05:07,15,10,0,25
2025-03-29T12:37:50,15,10,0,25
2025-03-29T13:10:22,15,10,0,25
2025-03-29T13:42:55,15,10,0,25
2025-03-29T14:15:36,15,10,0,25
2025-03-29T14:48:08,15,10,0,25
2025-03-29T15:20:41,15,10,0,25
2025-03-29T15:53:26,15,10,0,25
2025-03-29T16:25:58,15,10,0,25
2025-03-29T16:58:39,15,10,0,25
2025-03-29T17:31:14,15,10,0,25
2025-03-29T18:03:46,15,10,0,25
2025-03-29T18:36:26,15,10,0,25
2025-03-29T19:08:59,15,10,0,25
2025-03-29T19:41:40,15,10,0,25
2025-03-29T20:14:12,15,10,0,25
2025-03-29T20:46:44,15,10,0,25
2025-03-29T21:19:26,15,10,0,25
2025-03-29T21:51:58,15,10,0,25
2025-03-29T22:24:32,15,10,0,25
2025-03-29T22:57:15,15,10,0,25
2025-03-29T23:29:49,15,10,0,25
2025-03-30T00:02:22,15,10,0,25
2025-03-30T00:35:10,15,10,0,25
2025-03-30T01:07:46,15,10,0,25
2025-03-30T01:40:23,15,10,0,25
2025-03-30T02:13:16,15,10,0,25
2025-03-30T02:46:05,15,10,0,25
2025-03-30T03:18:43,15,10,0,25
2025-03-30T03:51:19,15,10,0,25
2025-03-30T04:37:11,15,10,0,25
2025-03-30T05:09:51,15,10,0,25
2025-03-30T05:42:28,15,10,0,25
2025-03-30T06:15:08,15,10,0,25
2025-03-30T06:47:45,15,10,0,25
2025-03-30T07:20:23,15,10,0,25
2025-03-30T07:52:57,15,10,0,25
2025-03-30T08:25:32,15,10,0,25
2025-03-30T08:58:17,15,10,0,25
2025-03-30T09:30:57,15,10,0,25
2025-03-30T10:03:33,15,10,0,25
2025-03-30T10:36:21,15,10,0,25
2025-03-30T11:08:55,15,10,0,25
2025-03-30T11:41:36,15,10,0,25
2025-03-30T12:14:09,15,10,0,25
2025-03-30T12:46:52,15,10,0,25
2025-03-30T13:19:25,15,10,0,25
2025-03-30T13:52:09,15,10,0,25
2025-03-30T14:24:41,15,10,0,25
2025-03-30T14:57:25,15,10,0,25
2025-03-30T15:30:08,15,10,0,25
2025-03-30T16:02:40,15,10,0,25
2025-03-30T16:35:24,15,10,0,25
2025-03-30T17:08:08,15,10,0,25
2025-03-30T17:40:41,15,10,0,25
2025-03-30T18:13:24,15,10,0,25
2025-03-30T18:46:11,15,10,0,25
2025-03-30T19:18:44,15,10,0,25
2025-03-30T19:51:31,15,10,0,25
2025-03-30T20:24:16,15,10,0,25
2025-03-30T20:57:00,15,10,0,25
2025-03-30T21:29:33,15,10,0,25
2025-03-30T22:02:19,15,10,0,25
2025-03-30T22:35:04,15,10,0,25
2025-03-30T23:07:51,15,10,0,25
2025-03-30T23:40:38,15,10,0,25
2025-03-31T00:13:34,15,10,0,25
2025-03-31T00:46:25,15,10,0,25
2025-03-31T01:19:06,15,10,0,25
2025-03-31T01:51:52,15,10,0,25
2025-03-31T02:24:27,15,10,0,25
2025-03-31T02:57:05,15,10,0,25
2025-03-31T03:29:51,15,10,0,25
2025-03-31T04:02:29,15,10,0,25
2025-03-31T04:33:12,15,10,0,25
2025-03-31T05:07:33,15,10,0,25
2025-03-31T05:40:10,15,10,0,25
2025-03-31T06:12:46,15,10,0,25
2025-03-31T06:55:51,15,10,0,25
2025-03-31T07:28:33,15,10,0,25
2025-03-31T08:01:23,15,10,0,25
2025-03-31T08:24:05,15,10,0,25
2025-03-31T08:56:51,15,10,0,25
2025-03-31T09:29:41,15,10,0,25
2025-03-31T10:02:41,15,10,0,25
2025-03-31T10:35:33,15,10,0,25
2025-03-31T11:08:39,15,10,0,25
2025-03-31T11:41:43,15,10,0,25
2025-03-31T12:14:37,15,10,0,25
2025-03-31T12:47:43,15,10,0,25
2025-03-31T13:20:47,15,10,0,25
2025-03-31T13:53:40,15,10,0,25
2025-03-31T14:26:46,15,10,0,25
2025-03-31T14:59:37,15,10,0,25
2025-03-31T15:32:30,15,10,0,25
2025-03-31T16:05:34,15,10,0,25
2025-03-31T16:38:27,15,10,0,25
2025-03-31T17:11:17,15,10,0,25
2025-03-31T17:44:07,15,10,0,25
2025-03-31T18:16:56,15,10,0,25
2025-03-31T18:49:44,15,10,0,25
2025-03-31T19:22:21,15,10,0,25
2025-03-31T19:55:08,15,10,0,25
2025-03-31T20:27:57,15,10,0,25
2025-03-31T21:00:45,15,10,0,25
2025-03-31T21:33:22,15,10,0,25
2025-03-31T22:06:13,15,10,0,25
2025-03-31T22:39:07,15,10,0,25
2025-03-31T23:11:51,15,10,0,25
2025-03-31T23:44:46,15,10,0,25
2025-04-01T00:17:36,15,10,0,25
2025-04-01T00:50:22,15,10,0,25
2025-04-01T01:23:07,15,10,0,25
2025-04-01T01:56:04,15,10,0,25
2025-04-01T02:28:45,15,10,0,25
2025-04-01T03:01:26,15,10,0,25
2025-04-01T03:34:11,11,14,0,25
2025-04-01T04:09:23,11,14,0,25
2025-04-01T04:43:40,11,14,0,25
2025-04-01T05:16:27,11,14,0,25
2025-04-01T05:49:10,11,14,0,25
2025-04-01T06:21:53,11,14,0,25
2025-04-01T06:54:37,11,14,0,25
2025-04-01T07:27:30,11,14,0,25
2025-04-01T08:00:12,11,14,0,25
2025-04-01T08:33:03,11,14,0,25
2025-04-01T09:05:46,11,14,0,25
2025-04-01T09:38:52,11,14,0,25
2025-04-01T10:11:47,11,14,0,25
2025-04-01T10:44:38,11,14,0,25
2025-04-01T11:17:45,11,14,0,25
2025-04-01T11:50:41,11,14,0,25
2025-04-01T12:23:46,11,14,0,25
2025-04-01T12:56:39,11,14,0,25
2025-04-01T13:29:44,11,14,0,25
2025-04-01T14:02:36,11,14,0,25
2025-04-01T14:35:39,15,10,0,25
2025-04-01T15:08:29,15,10,0,25
2025-04-01T15:41:19,15,10,0,25
2025-04-01T16:14:25,15,10,0,25
2025-04-01T16:47:17,15,10,0,25
2025-04-01T17:20:08,15,10,0,25
2025-04-01T17:52:59,15,10,0,25
2025-04-01T18:25:50,15,10,0,25
2025-04-01T18:58:28,15,10,0,25
2025-04-01T19:31:19,15,10,0,25
2025-04-01T20:04:10,15,10,0,25
2025-04-01T20:37:01,15,10,0,25
2025-04-01T21:09:38,15,10,0,25
2025-04-01T21:42:31,15,10,0,25
2025-04-01T22:15:19,15,10,0,25
2025-04-01T22:47:56,15,10,0,25
2025-04-01T23:20:51,15,10,0,25
2025-04-01T23:53:29,15,10,0,25
2025-04-02T00:26:24,15,10,0,25
2025-04-02T00:59:08,15,10,0,25
2025-04-02T01:31:55,15,10,0,25
2025-04-02T02:04:38,15,10,0,25
2025-04-02T02:37:33,15,10,0,25
2025-04-02T03:10:15,15,10,0,25
2025-04-02T03:42:56,15,10,0,25
2025-04-02T04:15:43,15,10,0,25
2025-04-02T04:42:56,15,10,0,25
2025-04-02T05:15:42,15,10,0,25
2025-04-02T05:50:16,15,10,0,25
2025-04-02T06:23:03,15,10,0,25
2025-04-02T06:55:52,15,10,0,25
2025-04-02T07:28:41,15,10,0,25
2025-04-02T08:01:29,15,10,0,25
2025-04-02T08:34:09,15,10,0,25
2025-04-02T09:06:54,15,10,0,25
2025-04-02T09:39:43,15,10,0,25
2025-04-02T10:12:37,15,10,0,25
2025-04-02T10:45:29,15,10,0,25
2025-04-02T11:18:20,15,10,0,25
2025-04-05T11:49:42,15,10,0,25
2025-04-05T12:22:25,15,10,0,25
2025-04-05T12:55:17,15,10,0,25
2025-04-05T13:27:58,15,10,0,25
2025-04-05T14:00:39,15,10,0,25
2025-04-05T14:33:20,15,10,0,25
2025-04-05T15:06:02,15,10,0,25
2025-04-05T15:38:53,15,10,0,25
2025-04-05T16:11:35,15,10,0,25
2025-04-05T16:44:16,15,10,0,25
2025-04-05T17:16:58,15,10,0,25
2025-04-05T17:49:50,15,10,0,25
2025-04-05T18:22:38,15,10,0,25
2025-04-05T18:55:20,15,10,0,25
2025-04-05T19:28:10,15,10,0,25
2025-04-05T20:00:51,15,10,0,25
2025-04-05T20:33:32,15,10,0,25
2025-04-05T21:06:14,15,10,0,25
2025-04-05T21:38:56,15,10,0,25
2025-04-05T22:11:47,15,10,0,25
2025-04-05T22:44:29,15,10,0,25
2025-04-05T23:17:13,15,10,0,25
2025-04-05T23:49:56,15,10,0,25
2025-04-06T00:22:48,15,10,0,25
2025-04-06T00:55:35,15,10,0,25
2025-04-06T01:28:20,15,10,0,25
2025-04-06T02:01:05,15,10,0,25
2025-04-06T02:34:06,15,10,0,25
2025-04-06T03:06:52,15,10,0,25
2025-04-06T03:39:38,15,10,0,25
2025-04-06T04:12:23,15,10,0,25
2025-04-06T04:37:25,15,10,0,25
2025-04-06T05:10:15,15,10,0,25
2025-04-06T05:43:06,15,10,0,25
2025-04-06T06:15:53,15,10,0,25
2025-04-06T06:48:39,15,10,0,25
2025-04-06T07:21:24,15,10,0,25
2025-04-06T07:54:07,15,10,0,25
2025-04-06T08:26:52,15,10,0,25
2025-04-06T08:59:56,15,10,0,25
2025-04-06T09:32:45,15,10,0,25
2025-04-06T10:05:31,15,10,0,25
2025-04-06T10:38:16,15,10,0,25
2025-04-06T11:11:00,15,10,0,25
2025-04-06T11:43:44,15,10,0,25
2025-04-06T12:16:36,15,10,0,25
2025-04-06T12:49:18,15,10,0,25
2025-04-06T13:21:59,15,10,0,25
2025-04-06T13:54:40,15,10,0,25
2025-04-06T14:27:30,15,10,0,25
2025-04-06T15:00:13,15,10,0,25
2025-04-06T15:32:57,15,10,0,25
2025-04-06T16:05:46,15,10,0,25
2025-04-06T16:38:27,15,10,0,25
2025-04-06T17:11:09,15,10,0,25
2025-04-06T17:43:50,15,10,0,25
2025-04-06T18:16:39,15,10,0,25
2025-04-06T18:49:23,15,10,0,25
2025-04-06T19:22:06,15,10,0,25
2025-04-06T19:54:56,15,10,0,25
2025-04-06T20:27:38,15,10,0,25
2025-04-06T21:34:17,15,10,0,25
2025-04-06T22:07:08,15,10,0,25
2025-04-06T22:39:49,15,10,0,25
2025-04-06T23:12:48,15,10,0,25
2025-04-06T23:45:32,15,10,0,25
2025-04-07T00:18:16,15,10,0,25
2025-04-07T00:50:59,15,10,0,25
2025-04-07T01:23:51,15,10,0,25
2025-04-07T01:56:36,15,10,0,25
2025-04-07T02:29:21,15,10,0,25
2025-04-07T03:02:11,15,10,0,25
2025-04-07T03:35:00,15,10,0,25
2025-04-07T04:26:24,15,10,0,25
2025-04-07T04:59:17,15,10,0,25
2025-04-07T05:32:06,15,10,0,25
2025-04-07T06:04:53,15,10,0,25
2025-04-07T06:37:39,15,10,0,25
2025-04-07T07:10:26,15,10,0,25
2025-04-07T07:43:10,15,10,0,25
2025-04-07T08:04:22,15,10,0,25
2025-04-07T08:37:08,15,10,0,25
2025-04-07T09:09:54,15,10,0,25
2025-04-07T09:42:49,15,10,0,25
2025-04-07T10:15:31,15,10,0,25
2025-04-07T10:48:25,15,10,0,25
2025-04-07T11:21:07,15,10,0,25
2025-04-07T11:54:01,15,10,0,25
2025-04-07T12:26:44,15,10,0,25
2025-04-07T12:59:39,15,10,0,25
2025-04-07T13:32:33,15,10,0,25
2025-04-07T14:05:18,15,10,0,25
2025-04-07T14:38:11,15,10,0,25
2025-04-07T15:10:53,15,10,0,25
2025-04-07T15:43:49,15,10,0,25
2025-04-07T16:16:43,15,10,0,25
2025-04-07T16:49:26,15,10,0,25
2025-04-07T17:22:20,15,10,0,25
2025-04-07T17:55:03,15,10,0,25
2025-04-07T18:27:56,15,10,0,25
2025-04-07T19:00:39,15,10,0,25
2025-04-07T19:33:23,15,10,0,25
2025-04-07T20:06:16,15,10,0,25
2025-04-07T20:38:59,15,10,0,25
2025-04-07T21:11:54,15,10,0,25
2025-04-07T21:44:37,15,10,0,25
2025-04-07T22:17:33,15,10,0,25
2025-04-07T22:50:17,15,10,0,25
2025-04-07T23:23:02,15,10,0,25
2025-04-07T23:56:01,15,10,0,25
2025-04-08T00:28:51,15,10,0,25
2025-04-08T01:01:43,15,10,0,25
2025-04-08T01:34:31,15,10,0,25
2025-04-08T02:07:29,15,10,0,25
2025-04-08T02:40:19,15,10,0,25
2025-04-08T03:13:15,15,10,0,25
2025-04-08T03:46:05,15,10,0,25
2025-04-08T04:35:49,15,10,0,25
2025-04-08T05:08:40,15,10,0,25
2025-04-08T05:41:30,15,10,0,25
2025-04-08T06:14:23,15,10,0,25
2025-04-08T06:47:15,15,10,0,25
2025-04-08T07:20:04,15,10,0,25
2025-04-08T07:52:57,15,10,0,25
2025-04-08T08:25:56,15,10,0,25
2025-04-08T08:58:39,15,10,0,25
2025-04-08T09:31:24,15,10,0,25
2025-04-08T10:04:20,15,10,0,25
2025-04-08T10:37:05,15,10,0,25
2025-04-08T11:10:00,15,10,0,25
2025-04-08T11:42:56,15,10,0,25
2025-04-08T12:16:02,15,10,0,25
2025-04-08T12:48:55,15,10,0,25
2025-04-08T13:21:51,15,10,0,25
2025-04-08T13:54:36,15,10,0,25
2025-04-08T14:27:30,15,10,0,25
2025-04-08T15:00:15,15,10,0,25
2025-04-08T15:33:12,15,10,0,25
2025-04-08T16:06:07,15,10,0,25
2025-04-08T16:38:52,15,10,0,25
2025-04-08T17:11:48,15,10,0,25
2025-04-08T17:44:33,15,10,0,25
2025-04-08T18:17:27,15,10,0,25
2025-04-08T18:50:12,15,10,0,25
2025-04-08T19:22:56,15,10,0,25
2025-04-08T19:55:50,15,10,0,25
2025-04-08T20:28:34,15,10,0,25
2025-04-08T21:01:18,15,10,0,25
2025-04-08T21:34:12,15,10,0,25
2025-04-08T22:06:57,15,10,0,25
2025-04-08T22:39:52,15,10,0,25
2025-04-08T23:12:36,15,10,0,25
2025-04-08T23:45:23,15,10,0,25
2025-04-09T00:18:12,15,10,0,25
2025-04-09T00:51:11,15,10,0,25
2025-04-09T01:24:01,15,10,0,25
2025-04-09T01:56:49,15,10,0,25
2025-04-09T02:29:38,15,10,0,25
2025-04-09T03:02:51,15,10,0,25
2025-04-09T03:35:39,15,10,0,25
2025-04-09T04:08:28,15,10,0,25
2025-04-09T04:36:05,15,10,0,25
2025-04-09T05:10:18,15,10,0,25
2025-04-09T05:43:29,15,10,0,25
2025-04-09T06:16:19,15,10,0,25
2025-04-09T06:49:09,15,10,0,25
2025-04-09T07:21:57,15,10,0,25
2025-04-09T07:54:44,15,10,0,25
2025-04-09T08:27:37,15,10,0,25
2025-04-09T09:00:22,15,10,0,25
2025-04-09T09:33:08,15,10,0,25
2025-04-09T10:05:54,15,10,0,25
2025-04-09T10:38:51,15,10,0,25
2025-04-09T11:11:37,15,10,0,25
2025-04-09T11:44:32,15,10,0,25
2025-04-09T12:17:36,15,10,0,25
2025-04-09T12:50:22,15,10,0,25
2025-04-09T13:23:19,15,10,0,25
2025-04-09T13:56:05,15,10,0,25
2025-04-09T14:29:01,15,10,0,25
2025-04-09T15:01:48,15,10,0,25
2025-04-09T15:34:47,15,10,0,25
2025-04-09T16:07:33,15,10,0,25
2025-04-09T16:40:30,15,10,0,25
2025-04-09T17:13:16,15,10,0,25
2025-04-09T17:46:15,15,10,0,25
2025-04-09T18:19:03,15,10,0,25
2025-04-09T18:52:13,15,10,0,25
2025-04-09T19:25:10,15,10,0,25
2025-04-09T19:57:58,15,10,0,25
2025-04-09T20:30:45,15,10,0,25
2025-04-09T21:03:33,15,10,0,25
2025-04-09T21:36:29,15,10,0,25
2025-04-09T22:09:17,15,10,0,25
2025-04-09T22:42:15,15,10,0,25
2025-04-09T23:15:02,15,10,0,25
2025-04-09T23:47:50,15,10,0,25
2025-04-10T00:20:52,15,10,0,25
2025-04-10T00:53:46,15,10,0,25
2025-04-10T01:26:39,15,10,0,25
2025-04-10T01:59:31,15,10,0,25
2025-04-10T02:32:23,15,10,0,25
2025-04-10T03:05:15,15,10,0,25
2025-04-10T03:38:06,15,10,0,25
2025-04-10T04:13:28,15,10,0,25
2025-04-10T04:37:41,15,10,0,25
2025-04-10T05:10:34,15,10,0,25
2025-04-10T05:43:28,15,10,0,25
2025-04-10T06:16:21,15,10,0,25
2025-04-10T06:49:14,15,10,0,25
2025-04-10T07:22:04,15,10,0,25
2025-04-10T07:54:53,15,10,0,25
2025-04-10T08:27:48,15,10,0,25
2025-04-10T09:00:35,15,10,0,25
2025-04-10T09:33:23,15,10,0,25
2025-04-10T10:06:12,15,10,0,25
2025-04-10T10:39:09,15,10,0,25
2025-04-10T11:11:57,15,10,0,25
2025-04-10T11:44:56,15,10,0,25
2025-04-10T12:17:46,15,10,0,25
2025-04-10T12:50:45,15,10,0,25
2025-04-10T13:23:34,15,10,0,25
2025-04-10T13:56:41,15,10,0,25
2025-04-10T14:29:36,15,10,0,25
2025-04-10T15:02:38,15,10,0,25
2025-04-10T15:35:30,15,10,0,25
2025-04-10T16:08:30,15,10,0,25
2025-04-10T16:41:20,15,10,0,25
2025-04-10T17:14:21,15,10,0,25
2025-04-10T17:47:11,15,10,0,25
2025-04-10T18:20:02,15,10,0,25
2025-04-10T18:53:02,15,10,0,25
2025-04-10T19:25:52,15,10,0,25
2025-04-10T19:58:42,15,10,0,25
2025-04-10T20:31:42,15,10,0,25
2025-04-10T21:04:31,15,10,0,25
2025-04-10T21:37:30,15,10,0,25
2025-04-10T22:10:21,15,10,0,25
2025-04-10T22:43:13,15,10,0,25
2025-04-10T23:16:04,15,10,0,25
2025-04-10T23:49:04,15,10,0,25
2025-04-11T00:21:56,15,10,0,25
2025-04-11T00:54:51,15,10,0,25
2025-04-11T01:27:47,15,10,0,25
2025-04-11T02:00:50,15,10,0,25
2025-04-11T02:33:44,15,10,0,25
2025-04-11T03:07:03,15,10,0,25
2025-04-11T03:39:57,15,10,0,25
2025-04-11T04:26:27,15,10,0,25
2025-04-11T04:59:24,15,10,0,25
2025-04-11T05:32:21,15,10,0,25
2025-04-11T06:05:17,15,10,0,25
2025-04-11T06:38:13,15,10,0,25
2025-04-11T07:11:07,15,10,0,25
2025-04-11T07:43:58,15,10,0,25
2025-04-11T08:16:59,15,10,0,25
2025-04-11T08:49:48,15,10,0,25
2025-04-11T09:22:39,15,10,0,25
2025-04-11T09:55:41,15,10,0,25
2025-04-11T10:28:30,15,10,0,25
2025-04-11T11:01:19,15,10,0,25
2025-04-11T11:34:20,15,10,0,25
2025-04-11T12:07:09,15,10,0,25
2025-04-11T12:40:09,15,10,0,25
2025-04-11T13:13:08,15,10,0,25
2025-04-11T13:45:57,15,10,0,25
2025-04-11T14:18:46,15,10,0,25
2025-04-11T14:51:47,15,10,0,25
2025-04-11T15:24:38,15,10,0,25
2025-04-11T15:57:38,15,10,0,25
2025-04-11T16:30:30,15,10,0,25
2025-04-11T17:03:23,15,10,0,25
2025-04-11T17:36:26,15,10,0,25
2025-04-11T18:09:19,15,10,0,25
2025-04-11T18:42:11,15,10,0,25
2025-04-11T19:15:13,15,10,0,25
2025-04-11T19:48:07,15,10,0,25
2025-04-11T20:21:00,15,10,0,25
2025-04-11T20:53:53,15,10,0,25
2025-04-11T21:26:53,15,10,0,25
2025-04-11T21:59:45,15,10,0,25
2025-04-11T22:32:34,15,10,0,25
2025-04-11T23:05:28,15,10,0,25
2025-04-11T23:38:22,15,10,0,25
2025-04-12T00:11:26,15,10,0,25
2025-04-12T00:44:26,15,10,0,25
2025-04-12T01:17:24,15,10,0,25
2025-04-12T01:50:22,15,10,0,25
2025-04-12T02:23:18,15,10,0,25
2025-04-12T02:57:22,15,10,0,25
2025-04-12T03:30:20,15,10,0,25
2025-04-12T04:03:29,15,10,0,25
2025-04-12T04:26:59,15,10,0,25
2025-04-12T05:00:00,15,10,0,25
2025-04-12T05:32:59,15,10,0,25
2025-04-12T06:05:58,15,10,0,25
2025-04-12T06:38:58,15,10,0,25
2025-04-12T07:11:57,15,10,0,25
2025-04-12T07:45:00,15,10,0,25
2025-04-12T08:18:06,15,10,0,25
2025-04-12T08:51:01,15,10,0,25
2025-04-12T09:23:55,15,10,0,25
2025-04-12T09:56:48,15,10,0,25
2025-04-12T10:29:49,15,10,0,25
2025-04-12T11:02:42,15,10,0,25
2025-04-12T11:35:34,15,10,0,25
2025-04-12T12:08:27,15,10,0,25
2025-04-12T12:41:23,15,10,0,25
2025-04-12T13:14:15,15,10,0,25
2025-04-12T13:47:17,15,10,0,25
2025-04-12T14:20:10,15,10,0,25
2025-04-12T14:53:03,15,10,0,25
2025-04-12T15:25:55,15,10,0,25
2025-04-12T15:58:48,15,10,0,25
2025-04-12T16:31:50,15,10,0,25
2025-04-12T17:04:42,15,10,0,25
2025-04-12T17:37:35,15,10,0,25
2025-04-12T18:10:27,15,10,0,25
2025-04-12T18:43:20,15,10,0,25
2025-04-12T19:16:14,15,10,0,25
2025-04-12T19:49:15,15,10,0,25
2025-04-12T20:22:08,15,10,0,25
2025-04-12T20:55:00,15,10,0,25
2025-04-12T21:27:53,15,10,0,25
2025-04-12T22:00:46,15,10,0,25
2025-04-12T22:33:39,15,10,0,25
2025-04-12T23:06:31,15,10,0,25
2025-04-12T23:39:35,15,10,0,25
2025-04-13T00:12:28,15,10,0,25
2025-04-13T00:45:25,15,10,0,25
2025-04-13T01:18:20,15,10,0,25
2025-04-13T01:51:13,15,10,0,25
2025-04-13T02:24:06,15,10,0,25
2025-04-13T02:57:00,15,10,0,25
2025-04-13T03:30:05,15,10,0,25
2025-04-13T04:03:07,15,10,0,25
2025-04-13T04:28:54,15,10,0,25
2025-04-13T05:02:56,15,10,0,25
2025-04-13T05:36:20,15,10,0,25
2025-04-13T06:09:20,15,10,0,25
2025-04-13T06:42:20,15,10,0,25
2025-04-13T07:15:20,15,10,0,25
2025-04-13T07:48:19,15,10,0,25
2025-04-13T08:21:20,15,10,0,25
2025-04-13T08:54:20,15,10,0,25
2025-04-13T09:27:16,15,10,0,25
2025-04-13T10:00:14,15,10,0,25
2025-04-13T10:33:23,15,10,0,25
2025-04-13T11:06:24,15,10,0,25
2025-04-13T11:39:23,15,10,0,25
2025-04-13T12:12:15,15,10,0,25
2025-04-13T12:45:08,15,10,0,25
2025-04-13T13:18:12,15,10,0,25
2025-04-13T13:51:04,15,10,0,25
2025-04-13T14:23:56,15,10,0,25
2025-04-13T14:56:49,15,10,0,25
2025-04-13T15:29:44,15,10,0,25
2025-04-13T16:02:48,15,10,0,25
2025-04-13T16:35:43,15,10,0,25
2025-04-13T17:08:35,15,10,0,25
2025-04-13T17:41:30,15,10,0,25
2025-04-13T18:14:24,15,10,0,25
2025-04-13T18:47:25,15,10,0,25
2025-04-13T19:20:19,15,10,0,25
2025-04-13T19:53:11,15,10,0,25
2025-04-13T20:26:04,15,10,0,25
2025-04-13T20:59:06,15,10,0,25
2025-04-13T21:32:01,15,10,0,25
2025-04-13T22:04:55,15,10,0,25
2025-04-13T22:37:48,15,10,0,25
2025-04-13T23:10:53,15,10,0,25
2025-04-13T23:43:48,15,10,0,25
2025-04-14T00:16:43,15,10,0,25
2025-04-14T00:49:43,15,10,0,25
2025-04-14T01:22:44,15,10,0,25
2025-04-14T01:55:50,15,10,0,25
2025-04-14T02:28:47,15,10,0,25
2025-04-14T03:01:43,15,10,0,25
2025-04-14T03:34:39,15,10,0,25
2025-04-14T04:07:37,15,10,0,25
2025-04-14T04:33:22,15,10,0,25
2025-04-14T05:07:59,15,10,0,25
2025-04-14T05:40:59,15,10,0,25
2025-04-14T06:13:54,15,10,0,25
2025-04-14T06:46:55,15,10,0,25
2025-04-14T07:19:54,15,10,0,25
2025-04-14T07:52:54,15,10,0,25
2025-04-14T08:25:50,15,10,0,25
2025-04-14T08:58:45,15,10,0,25
2025-04-14T09:31:47,15,10,0,25
2025-04-14T10:04:42,15,10,0,25
2025-04-14T10:37:36,15,10,0,25
2025-04-14T11:10:43,15,10,0,25
2025-04-14T11:43:36,15,10,0,25
2025-04-14T12:16:39,15,10,0,25
2025-04-14T12:49:44,15,10,0,25
2025-04-14T13:22:38,15,10,0,25
2025-04-14T13:55:32,15,10,0,25
2025-04-14T14:28:40,15,10,0,25
2025-04-14T15:01:38,15,10,0,25
2025-04-14T15:34:47,15,10,0,25
2025-04-14T16:07:42,15,10,0,25
2025-04-14T16:40:47,15,10,0,25
2025-04-14T17:13:43,15,10,0,25
2025-04-14T17:46:36,15,10,0,25
2025-04-14T18:19:40,15,10,0,25
2025-04-14T18:52:34,15,10,0,25
2025-04-14T19:25:29,15,10,0,25
2025-04-14T19:58:33,15,10,0,25
2025-04-14T20:31:28,15,10,0,25
2025-04-14T21:04:22,15,10,0,25
2025-04-14T21:37:27,15,10,0,25
2025-04-14T22:10:22,15,10,0,25
2025-04-14T22:43:16,15,10,0,25
2025-04-14T23:16:23,15,10,0,25
2025-04-14T23:49:17,15,10,0,25
2025-04-15T00:22:16,15,10,0,25
2025-04-15T00:55:17,15,10,0,25
2025-04-15T01:28:16,15,10,0,25
2025-04-15T02:01:24,15,10,0,25
2025-04-15T02:34:23,15,10,0,25
2025-04-15T03:07:22,15,10,0,25
2025-04-15T03:40:21,15,10,0,25
2025-04-15T04:15:45,15,10,0,25
2025-04-15T04:40:17,15,10,0,25
2025-04-15T05:13:18,15,10,0,25
2025-04-15T05:46:19,15,10,0,25
2025-04-15T06:19:21,15,10,0,25
2025-04-15T06:52:22,15,10,0,25
2025-04-15T07:25:23,15,10,0,25
2025-04-15T07:58:19,15,10,0,25
2025-04-15T08:31:14,15,10,0,25
2025-04-15T09:04:19,15,10,0,25
2025-04-15T09:37:14,15,10,0,25
2025-04-15T10:10:07,15,10,0,25
2025-04-15T10:43:16,15,10,0,25
2025-04-15T11:16:22,15,10,0,25
2025-04-15T11:49:22,15,10,0,25
2025-04-15T12:22:36,15,10,0,25
2025-04-16T00:11:37,15,10,0,25
2025-04-16T00:44:37,15,10,0,25
2025-04-16T01:17:38,15,10,0,25
2025-04-16T01:50:37,15,10,0,25
2025-04-16T02:23:44,15,10,0,25
2025-04-16T02:56:44,15,10,0,25
2025-04-16T03:29:43,15,10,0,25
2025-04-16T04:04:46,15,10,0,25
2025-04-16T04:36:58,15,10,0,25
2025-04-16T05:10:00,15,10,0,25
2025-04-16T05:43:02,15,10,0,25
2025-04-16T06:16:01,15,10,0,25
2025-04-16T06:49:01,15,10,0,25
2025-04-16T07:22:00,15,10,0,25
2025-04-16T07:54:56,15,10,0,25
2025-04-16T08:27:53,15,10,0,25
2025-04-16T09:00:56,15,10,0,25
2025-04-16T09:33:50,15,10,0,25
2025-04-16T10:06:45,15,10,0,25
2025-04-16T10:39:41,15,10,0,25
2025-04-16T11:12:46,15,10,0,25
2025-04-16T11:45:42,15,10,0,25
2025-04-16T12:18:48,15,10,0,25
2025-04-16T12:51:55,15,10,0,25
2025-04-16T13:24:49,15,10,0,25
2025-04-16T13:57:55,15,10,0,25
2025-04-16T14:30:49,15,10,0,25
2025-04-16T15:03:55,15,10,0,25
2025-04-16T15:36:50,15,10,0,25
2025-04-16T16:09:43,15,10,0,25
2025-04-16T16:42:48,15,10,0,25
2025-04-16T17:15:42,15,10,0,25
2025-04-16T17:48:45,15,10,0,25
2025-04-16T18:21:46,15,10,0,25
2025-04-16T18:54:50,15,10,0,25
2025-04-16T19:27:43,15,10,0,25
2025-04-16T20:00:42,15,10,0,25
2025-04-16T20:33:50,15,10,0,25
2025-04-16T21:06:47,15,10,0,25
2025-04-16T21:39:45,15,10,0,25
2025-04-16T22:12:55,15,10,0,25
2025-04-16T22:45:56,15,10,0,25
2025-04-16T23:19:00,15,10,0,25
2025-04-16T23:52:07,15,10,0,25
2025-04-17T00:25:21,15,10,0,25
2025-04-17T00:58:28,15,10,0,25
2025-04-17T01:31:35,15,10,0,25
2025-04-17T02:04:40,15,10,0,25
2025-04-17T02:37:48,15,10,0,25
2025-04-17T03:11:08,15,10,0,25
2025-04-17T03:44:13,15,10,0,25
2025-04-17T04:17:19,15,10,0,25
2025-04-17T04:40:51,15,10,0,25
2025-04-17T05:13:58,15,10,0,25
2025-04-17T05:47:08,15,10,0,25
2025-04-17T06:20:13,15,10,0,25
2025-04-17T06:53:22,15,10,0,25
2025-04-17T07:26:23,15,10,0,25
2025-04-17T07:59:20,15,10,0,25
2025-04-17T08:32:31,15,10,0,25
2025-04-17T09:05:27,15,10,0,25
2025-04-17T09:38:21,15,10,0,25
2025-04-17T10:11:16,15,10,0,25
2025-04-17T10:44:34,15,10,0,25
2025-04-17T11:17:28,15,10,0,25
2025-04-17T11:50:22,15,10,0,25
2025-04-17T12:23:27,15,10,0,25
2025-04-17T12:56:22,15,10,0,25
2025-04-17T13:29:26,15,10,0,25
2025-04-17T14:02:20,15,10,0,25
2025-04-17T14:35:25,15,10,0,25
2025-04-17T15:08:19,15,10,0,25
2025-04-17T15:41:26,15,10,0,25
2025-04-17T16:14:21,15,10,0,25
2025-04-17T16:47:26,15,10,0,25
2025-04-17T17:20:21,15,10,0,25
2025-04-17T17:53:15,15,10,0,25
2025-04-17T18:26:21,15,10,0,25
2025-04-17T18:59:16,15,10,0,25
2025-04-17T19:32:11,15,10,0,25
2025-04-17T20:05:19,15,10,0,25
2025-04-17T20:38:14,15,10,0,25
2025-04-17T21:11:08,15,10,0,25
2025-04-17T21:44:02,15,10,0,25
2025-04-17T22:17:06,15,10,0,25
2025-04-17T22:50:04,15,10,0,25
2025-04-17T23:22:59,15,10,0,25
2025-04-17T23:55:53,15,10,0,25
2025-04-18T00:28:52,15,10,0,25
2025-04-18T01:01:54,15,10,0,25
2025-04-18T01:35:05,15,10,0,25
2025-04-18T02:08:06,15,10,0,25
2025-04-18T02:41:04,15,10,0,25
2025-04-18T03:14:03,15,10,0,25
2025-04-18T03:47:04,15,10,0,25
2025-04-18T04:34:32,15,10,0,25
2025-04-18T05:07:34,15,10,0,25
2025-04-18T05:40:34,15,10,0,25
2025-04-18T06:13:35,15,10,0,25
2025-04-18T06:46:36,15,10,0,25
2025-04-18T07:19:40,15,10,0,25
2025-04-18T07:52:39,15,10,0,25
2025-04-18T08:25:39,15,10,0,25
2025-04-18T08:58:45,15,10,0,25
2025-04-18T09:31:42,15,10,0,25
2025-04-18T10:04:37,15,10,0,25
2025-04-18T10:37:30,15,10,0,25
2025-04-18T11:10:24,15,10,0,25
2025-04-18T11:43:29,15,10,0,25
2025-04-18T12:16:23,15,10,0,25
2025-04-18T12:49:20,15,10,0,25
2025-04-18T13:22:25,15,10,0,25
2025-04-18T13:55:19,15,10,0,25
2025-04-18T14:28:13,15,10,0,25
2025-04-18T15:01:19,15,10,0,25
2025-04-18T15:34:16,15,10,0,25
2025-04-18T16:07:10,15,10,0,25
2025-04-18T16:40:13,15,10,0,25
2025-04-18T17:13:07,15,10,0,25
2025-04-18T17:46:01,15,10,0,25
2025-04-18T18:19:05,15,10,0,25
2025-04-18T18:52:00,15,10,0,25
2025-04-18T19:24:54,15,10,0,25
2025-04-18T19:57:47,15,10,0,25
2025-04-18T20:30:50,15,10,0,25
2025-04-18T21:03:43,15,10,0,25
2025-04-18T21:36:37,15,10,0,25
2025-04-18T22:09:32,15,10,0,25
2025-04-18T22:42:25,15,10,0,25
2025-04-18T23:15:31,15,10,0,25
2025-04-18T23:48:27,15,10,0,25
2025-04-19T00:21:23,15,10,0,25
2025-04-19T00:54:28,15,10,0,25
2025-04-19T01:27:30,15,10,0,25
2025-04-19T02:00:28,15,10,0,25
2025-04-19T02:33:24,15,10,0,25
2025-04-19T03:06:20,15,10,0,25
2025-04-19T03:40:16,15,10,0,25
2025-04-19T04:14:18,15,10,0,25
2025-04-19T04:37:41,15,10,0,25
2025-04-19T05:10:44,15,10,0,25
2025-04-19T05:43:44,15,10,0,25
2025-04-19T06:16:43,15,10,0,25
2025-04-19T06:49:42,15,10,0,25
2025-04-19T07:22:45,15,10,0,25
2025-04-19T07:55:51,15,10,0,25
2025-04-19T08:28:52,15,10,0,25
2025-04-19T09:01:49,15,10,0,25
2025-04-19T09:34:43,15,10,0,25
2025-04-19T10:08:24,15,10,0,25
2025-04-19T10:41:39,15,10,0,25
2025-04-19T11:14:33,15,10,0,25
2025-04-19T11:47:36,15,10,0,25
2025-04-19T12:20:30,15,10,0,25
2025-04-19T12:53:23,15,10,0,25
2025-04-19T13:26:16,15,10,0,25
2025-04-19T13:59:09,15,10,0,25
2025-04-19T14:32:12,15,10,0,25
2025-04-19T15:05:06,15,10,0,25
2025-04-19T15:37:59,15,10,0,25
2025-04-19T16:10:54,15,10,0,25
2025-04-19T16:43:49,15,10,0,25
2025-04-19T17:16:51,15,10,0,25
2025-04-19T17:49:44,15,10,0,25
2025-04-19T18:22:39,15,10,0,25
2025-04-19T18:55:33,15,10,0,25
2025-04-19T19:28:27,15,10,0,25
2025-04-19T20:01:21,15,10,0,25
2025-04-19T20:34:24,15,10,0,25
2025-04-19T21:07:17,15,10,0,25
2025-04-19T21:40:10,15,10,0,25
2025-04-19T22:13:04,15,10,0,25
2025-04-19T22:46:01,15,10,0,25
2025-04-19T23:19:07,15,10,0,25
2025-04-19T23:52:01,15,10,0,25
2025-04-20T00:24:56,15,10,0,25
2025-04-20T00:59:53,15,10,0,25
2025-04-20T01:32:48,15,10,0,25
2025-04-20T02:07:35,15,10,0,25
2025-04-20T02:40:39,15,10,0,25
2025-04-20T03:13:55,15,10,0,25
2025-04-20T03:47:03,15,10,0,25
2025-04-20T04:29:02,15,10,0,25
2025-04-20T05:02:04,15,10,0,25
2025-04-20T05:35:04,15,10,0,25
2025-04-20T06:08:05,15,10,0,25
2025-04-20T06:41:05,15,10,0,25
2025-04-20T07:14:09,15,10,0,25
2025-04-20T07:47:12,15,10,0,25
2025-04-20T08:20:09,15,10,0,25
2025-04-20T08:53:07,15,10,0,25
2025-04-20T09:26:03,15,10,0,25
2025-04-20T09:59:01,15,10,0,25
2025-04-20T10:32:09,15,10,0,25
2025-04-20T11:05:08,15,10,0,25
2025-04-20T11:38:06,15,10,0,25
2025-04-20T12:11:03,15,10,0,25
2025-04-20T12:43:59,15,10,0,25
2025-04-20T13:17:00,15,10,0,25
2025-04-20T13:49:55,15,10,0,25
2025-04-20T14:22:49,15,10,0,25
2025-04-20T14:55:42,15,10,0,25
2025-04-20T15:28:35,15,10,0,25
2025-04-20T16:01:28,15,10,0,25
2025-04-20T16:34:29,15,10,0,25
2025-04-20T17:07:22,15,10,0,25
2025-04-20T17:40:16,15,10,0,25
2025-04-20T18:13:12,15,10,0,25
2025-04-20T18:46:11,15,10,0,25
2025-04-20T19:19:18,15,10,0,25
2025-04-20T19:52:12,15,10,0,25
2025-04-20T20:25:06,15,10,0,25
2025-04-20T20:57:59,15,10,0,25
2025-04-20T21:30:53,15,10,0,25
2025-04-20T22:04:01,15,10,0,25
2025-04-20T22:36:56,15,10,0,25
2025-04-20T23:09:51,15,10,0,25
2025-04-20T23:42:47,15,10,0,25
2025-04-21T00:16:03,15,10,0,25
2025-04-21T00:49:07,15,10,0,25
2025-04-21T01:22:14,15,10,0,25
2025-04-21T01:55:15,15,10,0,25
2025-04-21T02:28:15,15,10,0,25
2025-04-21T03:01:11,15,10,0,25
2025-04-21T03:34:09,15,10,0,25
2025-04-21T04:29:14,15,10,0,25
2025-04-21T05:02:16,15,10,0,25
2025-04-21T05:35:17,15,10,0,25
2025-04-21T06:08:17,15,10,0,25
2025-04-21T06:41:20,15,10,0,25
2025-04-21T07:14:18,15,10,0,25
2025-04-21T07:47:14,15,10,0,25
2025-04-21T08:20:18,15,10,0,25
2025-04-21T08:53:14,15,10,0,25
2025-04-21T09:26:13,15,10,0,25
2025-04-21T09:59:08,15,10,0,25
2025-04-21T10:32:13,15,10,0,25
2025-04-21T11:05:08,15,10,0,25
2025-04-21T11:38:03,15,10,0,25
2025-04-21T12:10:58,15,10,0,25
2025-04-21T12:44:03,15,10,0,25
2025-04-21T13:17:00,15,10,0,25
2025-04-21T13:50:07,15,10,0,25
2025-04-21T14:23:01,15,10,0,25
2025-04-21T14:55:57,15,10,0,25
2025-04-21T15:28:52,15,10,0,25
2025-04-21T16:01:57,15,10,0,25
2025-04-21T16:34:52,15,10,0,25
2025-04-21T17:07:56,15,10,0,25
2025-04-21T17:40:51,15,10,0,25
2025-04-21T18:13:46,15,10,0,25
2025-04-21T18:46:40,15,10,0,25
2025-04-21T19:19:44,15,10,0,25
2025-04-21T19:52:38,15,10,0,25
2025-04-21T20:25:33,15,10,0,25
2025-04-21T20:58:26,15,10,0,25
2025-04-21T21:31:31,15,10,0,25
2025-04-21T22:04:26,15,10,0,25
2025-04-21T22:37:22,15,10,0,25
2025-04-21T23:10:24,15,10,0,25
2025-04-21T23:43:20,15,10,0,25
2025-04-22T00:16:30,15,10,0,25
2025-04-22T00:49:34,15,10,0,25
2025-04-22T01:22:31,15,10,0,25
2025-04-22T01:55:26,15,10,0,25
2025-04-22T02:28:20,15,10,0,25
2025-04-22T03:01:17,15,10,0,25
2025-04-22T03:34:18,15,10,0,25
2025-04-22T04:07:43,15,10,0,25
2025-04-22T04:28:30,15,10,0,25
2025-04-22T05:01:32,15,10,0,25
2025-04-22T05:34:31,15,10,0,25
2025-04-22T06:07:32,15,10,0,25
2025-04-22T06:40:31,15,10,0,25
2025-04-22T07:13:30,15,10,0,25
2025-04-22T07:46:27,15,10,0,25
2025-04-22T08:19:31,15,10,0,25
2025-04-22T08:52:26,15,10,0,25
2025-04-22T09:25:21,15,10,0,25
2025-04-22T09:58:29,15,10,0,25
2025-04-22T10:31:24,15,10,0,25
2025-04-22T11:04:19,15,10,0,25
2025-04-22T11:37:24,15,10,0,25
2025-04-22T12:10:19,15,10,0,25
2025-04-22T12:43:24,15,10,0,25
2025-04-22T13:16:28,15,10,0,25
2025-04-22T13:49:22,15,10,0,25
2025-04-22T14:22:27,15,10,0,25
2025-04-22T14:55:27,15,10,0,25
2025-04-22T15:28:26,15,10,0,25
2025-04-22T16:01:31,15,10,0,25
2025-04-22T16:34:35,15,10,0,25
2025-04-22T17:07:29,15,10,0,25
2025-04-22T17:40:33,15,10,0,25
2025-04-22T18:13:28,15,10,0,25
2025-04-22T18:46:22,15,10,0,25
2025-04-22T19:19:15,15,10,0,25
2025-04-22T19:52:19,15,10,0,25
2025-04-22T20:25:18,15,10,0,25
2025-04-22T20:58:11,15,10,0,25
2025-04-22T21:31:05,15,10,0,25
2025-04-22T22:04:10,15,10,0,25
2025-04-22T22:37:04,15,10,0,25
2025-04-22T23:09:59,15,10,0,25
2025-04-22T23:42:56,15,10,0,25
2025-04-23T00:15:54,15,10,0,25
2025-04-23T00:48:58,15,10,0,25
2025-04-23T01:22:11,15,10,0,25
2025-04-23T01:55:11,15,10,0,25
2025-04-23T02:28:11,15,10,0,25
2025-04-23T03:01:19,15,10,0,25
2025-04-23T03:34:43,15,10,0,25
2025-04-23T04:30:17,15,10,0,25
2025-04-23T05:03:19,15,10,0,25
2025-04-23T05:36:18,15,10,0,25
2025-04-23T06:09:17,15,10,0,25
2025-04-23T06:42:24,15,10,0,25
2025-04-23T07:15:22,15,10,0,25
2025-04-23T07:48:17,15,10,0,25
2025-04-23T08:21:12,15,10,0,25
2025-04-23T08:54:16,15,10,0,25
2025-04-23T09:27:11,15,10,0,25
2025-04-23T10:00:07,15,10,0,25
2025-04-23T10:33:02,15,10,0,25
2025-04-23T11:06:09,15,10,0,25
2025-04-23T11:39:04,15,10,0,25
2025-04-23T12:11:58,15,10,0,25
2025-04-23T12:45:02,15,10,0,25
2025-04-23T13:17:57,15,10,0,25
2025-04-23T13:50:53,15,10,0,25
2025-04-23T14:23:50,15,10,0,25
2025-04-23T14:56:55,15,10,0,25
2025-04-23T15:29:51,15,10,0,25
2025-04-23T16:02:45,15,10,0,25
2025-04-23T16:35:50,15,10,0,25
2025-04-23T17:08:46,15,10,0,25
2025-04-23T17:41:41,15,10,0,25
2025-04-23T18:14:36,15,10,0,25
2025-04-23T18:47:40,15,10,0,25
2025-04-23T19:20:37,15,10,0,25
2025-04-23T19:53:31,15,10,0,25
2025-04-23T20:26:26,15,10,0,25
2025-04-23T20:59:30,15,10,0,25
2025-04-23T21:32:27,15,10,0,25
2025-04-23T22:05:24,15,10,0,25
2025-04-23T22:38:20,15,10,0,25
2025-04-23T23:11:16,15,10,0,25
2025-04-23T23:44:22,15,10,0,25
2025-04-24T00:17:26,15,10,0,25
2025-04-24T00:50:32,15,10,0,25
2025-04-24T01:23:35,15,10,0,25
2025-04-24T01:56:36,15,10,0,25
2025-04-24T02:29:36,15,10,0,25
2025-04-24T03:02:54,15,10,0,25
2025-04-24T03:35:54,15,10,0,25
2025-04-24T04:28:50,15,10,0,25
2025-04-24T05:01:52,15,10,0,25
2025-04-24T05:34:55,15,10,0,25
2025-04-24T06:08:01,15,10,0,25
2025-04-24T06:41:04,15,10,0,25
2025-04-24T07:14:02,15,10,0,25
2025-04-24T07:46:57,15,10,0,25
2025-04-24T08:19:56,15,10,0,25
2025-04-24T08:52:58,15,10,0,25
2025-04-24T09:25:55,15,10,0,25
2025-04-24T09:58:50,15,10,0,25
2025-04-24T10:31:43,15,10,0,25
2025-04-24T11:04:37,15,10,0,25
2025-04-24T11:37:41,15,10,0,25
2025-04-24T12:10:36,15,10,0,25
2025-04-24T12:43:30,15,10,0,25
2025-04-24T13:16:33,15,10,0,25
2025-04-24T13:49:28,15,10,0,25
2025-04-24T14:22:23,15,10,0,25
2025-04-24T14:55:27,15,10,0,25
2025-04-24T15:28:21,15,10,0,25
2025-04-24T16:01:15,15,10,0,25
2025-04-24T16:34:09,15,10,0,25
2025-04-24T17:07:15,15,10,0,25
2025-04-24T17:40:09,15,10,0,25
2025-04-24T18:13:02,15,10,0,25
2025-04-24T18:46:07,15,10,0,25
2025-04-24T19:19:02,15,10,0,25
2025-04-24T19:51:56,15,10,0,25
2025-04-24T20:24:51,15,10,0,25
2025-04-24T20:57:51,15,10,0,25
2025-04-24T21:30:55,15,10,0,25
2025-04-24T22:03:49,15,10,0,25
2025-04-24T22:36:42,15,10,0,25
2025-04-24T23:09:41,15,10,0,25
2025-04-24T23:42:36,15,10,0,25
2025-04-25T00:15:53,15,10,0,25
2025-04-25T00:48:59,15,10,0,25
2025-04-25T01:22:01,15,10,0,25
2025-04-25T01:55:03,15,10,0,25
2025-04-25T02:28:14,15,10,0,25
2025-04-25T03:01:15,15,10,0,25
2025-04-25T03:34:15,15,10,0,25
2025-04-25T04:24:54,15,10,0,25
2025-04-25T04:57:56,15,10,0,25
2025-04-25T05:30:58,15,10,0,25
2025-04-25T06:04:00,15,10,0,25
2025-04-25T06:36:59,15,10,0,25
2025-04-25T07:09:59,15,10,0,25
2025-04-25T07:42:56,15,10,0,25
2025-04-25T08:15:59,15,10,0,25
2025-04-25T08:48:55,15,10,0,25
2025-04-25T09:21:50,15,10,0,25
2025-04-25T09:54:44,15,10,0,25
2025-04-25T10:28:03,15,10,0,25
2025-04-25T11:00:58,15,10,0,25
2025-04-25T11:33:52,15,10,0,25
2025-04-25T12:06:49,15,10,0,25
2025-04-25T12:39:52,15,10,0,25
2025-04-25T13:12:45,15,10,0,25
2025-04-25T13:45:40,15,10,0,25
2025-04-25T14:18:50,15,10,0,25
2025-04-25T14:51:44,15,10,0,25
2025-04-25T15:24:38,15,10,0,25
2025-04-25T15:57:33,15,10,0,25
2025-04-25T16:30:36,15,10,0,25
2025-04-25T17:03:30,15,10,0,25
2025-04-25T17:36:24,15,10,0,25
2025-04-25T18:09:42,15,10,0,25
2025-04-25T18:42:36,15,10,0,25
2025-04-25T19:15:30,15,10,0,25
2025-04-25T19:48:24,15,10,0,25
2025-04-25T20:21:18,15,10,0,25
2025-04-25T20:54:20,15,10,0,25
2025-04-25T21:27:13,15,10,0,25
2025-04-25T22:00:08,15,10,0,25
2025-04-25T22:33:03,15,10,0,25
2025-04-25T23:06:14,15,10,0,25
2025-04-25T23:39:09,15,10,0,25
2025-04-26T00:12:15,15,10,0,25
2025-04-26T00:45:22,15,10,0,25
2025-04-26T01:18:22,15,10,0,25
2025-04-26T01:51:22,15,10,0,25
2025-04-26T02:24:18,15,10,0,25
2025-04-26T02:57:38,15,10,0,25
2025-04-26T03:30:32,15,10,0,25
2025-04-26T04:03:29,15,10,0,25
2025-04-26T04:36:19,15,10,0,25
2025-04-26T05:10:25,15,10,0,25
2025-04-26T05:44:52,15,10,0,25
2025-04-26T06:17:58,15,10,0,25
2025-04-26T06:51:00,15,10,0,25
2025-04-26T07:24:04,15,10,0,25
2025-04-26T07:57:11,15,10,0,25
2025-04-26T08:30:10,15,10,0,25
2025-04-26T09:03:09,15,10,0,25
2025-04-26T09:36:11,15,10,0,25
2025-04-26T10:09:12,15,10,0,25
2025-04-26T10:42:22,15,10,0,25
2025-04-26T11:15:19,15,10,0,25
2025-04-26T11:48:18,15,10,0,25
2025-04-26T12:21:17,15,10,0,25
2025-04-26T12:54:12,15,10,0,25
2025-04-26T13:27:15,15,10,0,25
2025-04-26T14:00:10,15,10,0,25
2025-04-26T14:33:05,15,10,0,25
2025-04-26T15:06:02,15,10,0,25
2025-04-26T15:38:57,15,10,0,25
2025-04-26T16:11:54,15,10,0,25
2025-04-26T16:44:58,15,10,0,25
2025-04-26T17:17:54,15,10,0,25
2025-04-26T17:50:48,15,10,0,25
2025-04-26T18:23:46,15,10,0,25
2025-04-26T18:56:41,15,10,0,25
2025-04-26T19:29:44,15,10,0,25
2025-04-26T20:02:39,15,10,0,25
2025-04-26T20:35:33,15,10,0,25
2025-04-26T21:08:28,15,10,0,25
2025-04-26T21:41:23,15,10,0,25
2025-04-26T22:14:20,15,10,0,25
2025-04-26T22:47:16,15,10,0,25
2025-04-26T23:20:23,15,10,0,25
2025-04-26T23:53:17,15,10,0,25
2025-04-27T00:26:15,15,10,0,25
2025-04-27T00:59:28,15,10,0,25
2025-04-27T01:32:36,15,10,0,25
2025-04-27T02:05:43,15,10,0,25
2025-04-27T02:38:47,15,10,0,25
2025-04-27T03:11:45,15,10,0,25
2025-04-27T03:45:01,15,10,0,25
2025-04-27T04:35:49,15,10,0,25
2025-04-27T05:09:01,15,10,0,25
2025-04-27T05:42:08,15,10,0,25
2025-04-27T06:15:42,15,10,0,25
2025-04-27T06:48:47,15,10,0,25
2025-04-27T07:21:56,15,10,0,25
2025-04-27T07:55:07,15,10,0,25
2025-04-27T08:28:12,15,10,0,25
2025-04-27T09:01:22,15,10,0,25
2025-04-27T09:34:30,15,10,0,25
2025-04-27T10:07:44,15,10,0,25
2025-04-27T10:40:56,15,10,0,25
2025-04-27T11:14:14,15,10,0,25
2025-04-27T11:47:13,15,10,0,25
2025-04-27T12:20:11,15,10,0,25
2025-04-27T12:53:14,15,10,0,25
2025-04-27T13:26:08,15,10,0,25
2025-04-27T13:59:03,15,10,0,25
2025-04-27T14:31:58,15,10,0,25
2025-04-27T15:04:53,15,10,0,25
2025-04-27T15:37:57,15,10,0,25
2025-04-27T16:10:51,15,10,0,25
2025-04-27T16:43:45,15,10,0,25
2025-04-27T17:16:41,15,10,0,25
2025-04-27T17:49:36,15,10,0,25
2025-04-27T18:22:41,15,10,0,25
2025-04-27T18:55:36,15,10,0,25
2025-04-27T19:28:32,15,10,0,25
2025-04-27T20:01:28,15,10,0,25
2025-04-27T20:34:24,15,10,0,25
2025-04-27T21:07:18,15,10,0,25
2025-04-27T21:40:24,15,10,0,25
2025-04-27T22:13:21,15,10,0,25
2025-04-27T22:46:18,15,10,0,25
2025-04-27T23:19:14,15,10,0,25
2025-04-27T23:52:20,15,10,0,25
2025-04-28T00:25:58,15,10,0,25
2025-04-28T00:59:04,15,10,0,25
2025-04-28T01:32:10,15,10,0,25
2025-04-28T02:05:09,15,10,0,25
2025-04-28T02:38:32,15,10,0,25
2025-04-28T03:11:33,15,10,0,25
2025-04-28T03:44:32,15,10,0,25
2025-04-28T04:17:33,15,10,0,25
2025-04-28T04:38:40,15,10,0,25
2025-04-28T05:11:45,15,10,0,25
2025-04-28T05:44:51,15,10,0,25
2025-04-28T06:17:53,15,10,0,25
2025-04-28T06:50:57,15,10,0,25
2025-04-28T07:23:59,15,10,0,25
2025-04-28T07:56:57,15,10,0,25
2025-04-28T08:29:56,15,10,0,25
2025-04-28T09:02:53,15,10,0,25
2025-04-28T09:35:49,15,10,0,25
2025-04-28T10:08:52,15,10,0,25
2025-04-28T10:41:49,15,10,0,25
2025-04-28T11:14:45,15,10,0,25
2025-04-28T11:47:52,15,10,0,25
2025-04-28T12:20:48,15,10,0,25
2025-04-28T12:53:44,15,10,0,25
2025-04-28T13:26:55,15,10,0,25
2025-04-28T14:00:19,15,10,0,25
2025-04-28T14:33:14,15,10,0,25
2025-04-28T15:06:19,15,10,0,25
2025-04-28T15:39:15,15,10,0,25
2025-04-28T16:12:11,15,10,0,25
2025-04-28T16:45:29,15,10,0,25
2025-04-28T17:18:24,15,10,0,25
2025-04-28T17:51:21,15,10,0,25
2025-04-28T18:24:18,15,10,0,25
2025-04-28T18:57:23,15,10,0,25
2025-04-28T19:30:19,15,10,0,25
2025-04-28T20:03:15,15,10,0,25
2025-04-28T20:36:09,15,10,0,25
2025-04-28T21:09:04,15,10,0,25
2025-04-28T21:42:11,15,10,0,25
2025-04-28T22:15:06,15,10,0,25
2025-04-28T22:48:04,15,10,0,25
2025-04-28T23:21:00,15,10,0,25
2025-04-28T23:53:57,15,10,0,25
2025-04-29T00:27:10,15,10,0,25
2025-04-29T01:00:12,15,10,0,25
2025-04-29T01:33:13,15,10,0,25
2025-04-29T02:06:15,15,10,0,25
2025-04-29T02:39:20,15,10,0,25
2025-04-29T03:12:38,15,10,0,25
2025-04-29T03:45:38,15,10,0,25
2025-04-29T04:33:55,15,10,0,25
2025-04-29T05:06:59,15,10,0,25
2025-04-29T05:40:01,15,10,0,25
2025-04-29T06:13:07,15,10,0,25
2025-04-29T06:46:09,15,10,0,25
2025-04-29T07:19:10,15,10,0,25
2025-04-29T07:52:09,15,10,0,25
2025-04-29T08:25:09,15,10,0,25
2025-04-29T08:58:16,15,10,0,25
2025-04-29T09:31:10,15,10,0,25
2025-04-29T10:04:05,15,10,0,25
2025-04-29T10:37:00,15,10,0,25
2025-04-29T11:09:56,15,10,0,25
2025-04-29T11:43:02,15,10,0,25
2025-04-29T12:15:57,15,10,0,25
2025-04-29T12:48:51,15,10,0,25
2025-04-29T13:21:57,15,10,0,25
2025-04-29T13:54:52,15,10,0,25
2025-04-29T14:27:46,15,10,0,25
2025-04-29T15:00:41,15,10,0,25
2025-04-29T15:33:48,15,10,0,25
2025-04-29T16:06:45,15,10,0,25
2025-04-29T16:39:42,15,10,0,25
2025-04-29T17:12:47,15,10,0,25
2025-04-29T17:45:42,15,10,0,25
2025-04-29T18:18:37,15,10,0,25
2025-04-29T18:51:31,15,10,0,25
2025-04-29T19:25:29,15,10,0,25
2025-04-29T19:59:28,15,10,0,25
2025-04-29T20:32:44,15,10,0,25
2025-04-29T21:05:39,15,10,0,25
2025-04-29T21:38:33,15,10,0,25
2025-04-29T22:11:40,15,10,0,25
2025-04-29T22:44:35,15,10,0,25
2025-04-29T23:17:33,15,10,0,25
2025-04-29T23:50:28,15,10,0,25
2025-04-30T00:24:32,15,10,0,25
2025-04-30T00:58:11,15,10,0,25
2025-04-30T01:31:12,15,10,0,25
2025-04-30T02:04:14,15,10,0,25
2025-04-30T02:37:14,15,10,0,25
2025-04-30T03:10:14,15,10,0,25
2025-04-30T03:43:22,15,10,0,25
2025-04-30T04:25:03,15,10,0,25
2025-04-30T04:58:05,15,10,0,25
2025-04-30T05:31:06,15,10,0,25
2025-04-30T06:04:11,15,10,0,25
2025-04-30T06:37:11,15,10,0,25
2025-04-30T07:10:12,15,10,0,25
2025-04-30T07:43:11,15,10,0,25
2025-04-30T08:16:09,15,10,0,25
2025-04-30T08:49:04,15,10,0,25
2025-04-30T09:22:06,15,10,0,25
2025-04-30T09:55:02,15,10,0,25
2025-04-30T10:27:57,15,10,0,25
2025-04-30T11:00:51,15,10,0,25
2025-04-30T11:33:45,15,10,0,25
2025-04-30T12:06:47,15,10,0,25
2025-04-30T12:39:42,15,10,0,25
2025-04-30T13:12:38,15,10,0,25
2025-04-30T13:45:43,15,10,0,25
2025-04-30T14:18:37,15,10,0,25
2025-04-30T14:51:31,15,10,0,25
2025-04-30T15:24:36,15,10,0,25
2025-04-30T15:57:31,15,10,0,25
2025-04-30T16:30:25,15,10,0,25
2025-04-30T17:03:21,15,10,0,25
2025-04-30T17:36:24,15,10,0,25
2025-04-30T18:09:18,15,10,0,25
2025-04-30T18:42:13,15,10,0,25
2025-04-30T19:15:16,15,10,0,25
2025-04-30T19:48:09,15,10,0,25
2025-04-30T20:21:05,15,10,0,25
2025-04-30T20:53:59,15,10,0,25
2025-04-30T21:26:53,15,10,0,25
2025-04-30T21:59:57,15,10,0,25
2025-04-30T22:32:52,15,10,0,25
2025-04-30T23:05:46,15,10,0,25
2025-04-30T23:38:42,15,10,0,25
2025-05-01T00:11:39,15,10,0,25
2025-05-01T00:44:41,15,10,0,25
2025-05-01T01:17:52,15,10,0,25
2025-05-01T01:50:54,15,10,0,25
2025-05-01T02:23:53,15,10,0,25
2025-05-01T02:56:58,15,10,0,25
2025-05-01T03:30:16,15,10,0,25
2025-05-01T04:25:55,15,10,0,25
2025-05-01T04:58:55,15,10,0,25
2025-05-01T05:31:59,15,10,0,25
2025-05-01T06:05:01,15,10,0,25
2025-05-01T06:38:04,15,10,0,25
2025-05-01T07:11:08,15,10,0,25
2025-05-01T07:44:07,15,10,0,25
2025-05-01T08:17:02,15,10,0,25
2025-05-01T08:49:59,15,10,0,25
2025-05-01T09:22:59,15,10,0,25
2025-05-01T09:56:02,15,10,0,25
2025-05-01T10:28:57,15,10,0,25
2025-05-01T11:01:52,15,10,0,25
2025-05-01T11:34:51,15,10,0,25
2025-05-01T12:07:58,15,10,0,25
2025-05-01T12:40:53,15,10,0,25
2025-05-01T13:13:48,15,10,0,25
2025-05-01T13:46:53,15,10,0,25
2025-05-01T14:19:48,15,10,0,25
2025-05-01T14:52:45,15,10,0,25
2025-05-01T15:25:42,15,10,0,25
2025-05-01T15:58:49,15,10,0,25
2025-05-01T16:31:48,15,10,0,25
2025-05-01T17:04:43,15,10,0,25
2025-05-01T17:37:53,15,10,0,25
2025-05-01T18:10:49,15,10,0,25
2025-05-01T18:43:46,15,10,0,25
2025-05-01T19:16:50,15,10,0,25
2025-05-01T19:49:56,15,10,0,25
2025-05-01T20:22:54,15,10,0,25
2025-05-01T20:55:51,15,10,0,25
2025-05-01T21:29:02,15,10,0,25
2025-05-01T22:01:58,15,10,0,25
2025-05-01T22:34:55,15,10,0,25
2025-05-01T23:08:10,15,10,0,25
2025-05-01T23:41:11,15,10,0,25
2025-05-02T00:14:10,15,10,0,25
2025-05-02T00:47:19,15,10,0,25
2025-05-02T01:20:24,15,10,0,25
2025-05-02T01:53:37,15,10,0,25
2025-05-02T02:26:51,15,10,0,25
2025-05-02T02:59:53,15,10,0,25
2025-05-02T03:32:53,15,10,0,25
2025-05-02T04:05:55,15,10,0,25
2025-05-02T04:33:48,15,10,0,25
2025-05-02T05:07:06,15,10,0,25
2025-05-02T05:40:11,15,10,0,25
2025-05-02T06:13:13,15,10,0,25
2025-05-02T06:46:17,15,10,0,25
2025-05-02T07:19:18,15,10,0,25
2025-05-02T07:52:18,15,10,0,25
2025-05-02T08:25:17,15,10,0,25
2025-05-02T08:58:24,15,10,0,25
2025-05-02T09:31:22,15,10,0,25
2025-05-02T10:04:21,15,10,0,25
2025-05-02T10:37:20,15,10,0,25
2025-05-02T11:10:26,15,10,0,25
2025-05-02T11:43:21,15,10,0,25
2025-05-02T12:16:16,15,10,0,25
2025-05-02T12:49:21,15,10,0,25
2025-05-02T13:22:17,15,10,0,25
2025-05-02T13:55:13,15,10,0,25
2025-05-02T14:28:20,15,10,0,25
2025-05-02T15:01:14,15,10,0,25
2025-05-02T15:34:09,15,10,0,25
2025-05-02T16:07:14,15,10,0,25
2025-05-02T16:40:09,15,10,0,25
2025-05-02T17:13:15,15,10,0,25
2025-05-02T17:46:11,15,10,0,25
2025-05-02T18:19:06,15,10,0,25
2025-05-02T18:52:01,15,10,0,25
2025-05-02T19:25:06,15,10,0,25
2025-05-02T19:58:01,15,10,0,25
2025-05-02T20:30:56,15,10,0,25
2025-05-02T21:03:50,15,10,0,25
2025-05-02T21:36:45,15,10,0,25
2025-05-02T22:09:43,15,10,0,25
2025-05-02T22:42:39,15,10,0,25
2025-05-02T23:15:45,15,10,0,25
2025-05-02T23:48:42,15,10,0,25
2025-05-03T00:21:58,15,10,0,25
2025-05-03T00:55:02,15,10,0,25
2025-05-03T01:28:03,15,10,0,25
2025-05-03T02:01:06,15,10,0,25
2025-05-03T02:34:28,15,10,0,25
2025-05-03T03:07:30,15,10,0,25
2025-05-03T03:40:29,15,10,0,25
2025-05-04T21:48:37,15,10,0,25
2025-05-04T22:21:35,15,10,0,25
2025-05-04T22:54:31,15,10,0,25
2025-05-04T23:27:28,15,10,0,25
2025-05-05T00:00:25,15,10,0,25
2025-05-05T00:34:03,15,10,0,25
2025-05-05T01:07:10,15,10,0,25
2025-05-05T01:40:13,15,10,0,25
2025-05-05T02:13:49,15,10,0,25
2025-05-05T02:46:47,15,10,0,25
2025-05-05T03:19:46,15,10,0,25
2025-05-05T03:52:45,15,10,0,25
2025-05-05T04:38:09,15,10,0,25
2025-05-05T05:11:12,15,10,0,25
2025-05-05T05:44:13,15,10,0,25
2025-05-05T06:17:16,15,10,0,25
2025-05-05T06:50:20,15,10,0,25
2025-05-05T07:23:20,15,10,0,25
2025-05-05T07:56:20,15,10,0,25
2025-05-05T08:29:17,15,10,0,25
2025-05-05T09:02:22,15,10,0,25
2025-05-05T09:35:18,15,10,0,25
2025-05-05T10:08:14,15,10,0,25
2025-05-05T10:41:09,15,10,0,25
2025-05-05T11:14:16,15,10,0,25
2025-05-05T11:47:11,15,10,0,25
2025-05-05T12:20:10,15,10,0,25
2025-05-05T12:53:05,15,10,0,25
2025-05-05T13:26:09,15,10,0,25
2025-05-05T13:59:04,15,10,0,25
2025-05-05T14:31:59,15,10,0,25
2025-05-05T15:05:05,15,10,0,25
2025-05-05T15:38:00,15,10,0,25
2025-05-05T16:10:55,15,10,0,25
2025-05-05T16:43:59,15,10,0,25
2025-05-05T17:16:54,15,10,0,25
2025-05-05T17:49:50,15,10,0,25
2025-05-05T18:22:48,15,10,0,25
2025-05-05T18:55:55,15,10,0,25
2025-05-05T19:28:51,15,10,0,25
2025-05-05T20:01:45,15,10,0,25
2025-05-05T20:34:42,15,10,0,25
2025-05-05T21:07:37,15,10,0,25
2025-05-05T21:40:42,15,10,0,25
2025-05-05T22:13:37,15,10,0,25
2025-05-05T22:46:32,15,10,0,25
2025-05-05T23:19:30,15,10,0,25
2025-05-05T23:52:28,15,10,0,25
2025-05-06T00:25:39,15,10,0,25
2025-05-06T00:58:43,15,10,0,25
2025-05-06T01:31:44,15,10,0,25
2025-05-06T02:04:45,15,10,0,25
2025-05-06T02:37:47,15,10,0,25
2025-05-06T03:11:09,15,10,0,25
2025-05-06T03:44:07,15,10,0,25
2025-05-06T04:17:19,15,10,0,25
2025-05-06T04:38:41,15,10,0,25
2025-05-06T05:11:44,15,10,0,25
2025-05-06T05:44:46,15,10,0,25
2025-05-06T06:17:48,15,10,0,25
2025-05-06T06:50:52,15,10,0,25
2025-05-06T07:23:55,15,10,0,25
2025-05-06T07:56:53,15,10,0,25
2025-05-06T08:29:50,15,10,0,25
2025-05-06T09:02:55,15,10,0,25
2025-05-06T09:35:50,15,10,0,25
2025-05-06T10:08:47,15,10,0,25
2025-05-06T10:41:54,15,10,0,25
2025-05-06T11:14:50,15,10,0,25
2025-05-06T11:47:48,15,10,0,25
2025-05-06T12:20:47,15,10,0,25
2025-05-06T12:53:53,15,10,0,25
2025-05-06T13:26:48,15,10,0,25
2025-05-06T13:59:44,15,10,0,25
2025-05-06T14:32:51,15,10,0,25
2025-05-06T15:05:47,15,10,0,25
2025-05-06T15:38:43,15,10,0,25
2025-05-06T16:11:48,15,10,0,25
2025-05-06T16:44:45,15,10,0,25
2025-05-06T17:17:42,15,10,0,25
2025-05-06T17:50:49,15,10,0,25
2025-05-06T18:23:44,15,10,0,25
2025-05-06T18:56:39,15,10,0,25
2025-05-06T19:29:34,15,10,0,25
2025-05-06T20:02:39,15,10,0,25
2025-05-06T20:35:35,15,10,0,25
2025-05-06T21:08:30,15,10,0,25
2025-05-06T21:41:27,15,10,0,25
2025-05-06T22:14:24,15,10,0,25
2025-05-06T22:47:30,15,10,0,25
2025-05-06T23:20:27,15,10,0,25
2025-05-06T23:53:23,15,10,0,25
2025-05-07T00:26:27,15,10,0,25
2025-05-07T00:59:31,15,10,0,25
2025-05-07T01:32:32,15,10,0,25
2025-05-07T02:05:44,15,10,0,25
2025-05-07T02:38:44,15,10,0,25
2025-05-07T03:11:40,15,10,0,25
2025-05-07T03:44:42,15,10,0,25
2025-05-07T04:26:43,15,10,0,25
2025-05-07T05:01:32,15,10,0,25
2025-05-07T05:34:34,15,10,0,25
2025-05-07T06:07:37,15,10,0,25
2025-05-07T06:40:39,15,10,0,25
2025-05-07T07:13:43,15,10,0,25
2025-05-07T07:46:42,15,10,0,25
2025-05-07T08:19:40,15,10,0,25
2025-05-07T08:52:55,15,10,0,25
2025-05-07T09:25:54,15,10,0,25
2025-05-07T09:58:52,15,10,0,25
2025-05-07T10:31:48,15,10,0,25
2025-05-07T11:04:48,15,10,0,25
2025-05-07T11:37:57,15,10,0,25
2025-05-07T12:10:53,15,10,0,25
2025-05-07T12:43:51,15,10,0,25
2025-05-07T13:16:56,15,10,0,25
2025-05-07T13:49:51,15,10,0,25
2025-05-07T14:22:46,15,10,0,25
2025-05-07T14:55:51,15,10,0,25
2025-05-07T15:28:49,15,10,0,25
2025-05-07T16:01:55,15,10,0,25
2025-05-07T16:34:52,15,10,0,25
2025-05-07T17:07:48,15,10,0,25
2025-05-07T17:40:44,15,10,0,25
2025-05-07T18:13:50,15,10,0,25
2025-05-07T18:46:46,15,10,0,25
2025-05-07T19:19:42,15,10,0,25
2025-05-07T19:52:38,15,10,0,25
2025-05-07T20:25:35,15,10,0,25
2025-05-07T20:58:39,15,10,0,25
2025-05-07T21:31:34,15,10,0,25
2025-05-07T22:04:29,15,10,0,25
2025-05-07T22:37:25,15,10,0,25
2025-05-07T23:10:25,15,10,0,25
2025-05-07T23:43:30,15,10,0,25
2025-05-08T00:16:28,15,10,0,25
2025-05-08T00:49:32,15,10,0,25
2025-05-08T01:22:34,15,10,0,25
2025-05-08T01:55:35,15,10,0,25
2025-05-08T02:28:47,15,10,0,25
2025-05-08T03:02:08,15,10,0,25
2025-05-08T03:35:06,15,10,0,25
2025-05-08T04:10:35,15,10,0,25
2025-05-08T04:38:18,15,10,0,25
2025-05-08T05:11:19,15,10,0,25
2025-05-08T05:44:21,15,10,0,25
2025-05-08T06:17:23,15,10,0,25
2025-05-08T06:50:28,15,10,0,25
2025-05-08T07:23:29,15,10,0,25
2025-05-08T07:56:27,15,10,0,25
2025-05-08T08:29:27,15,10,0,25
2025-05-08T09:02:36,15,10,0,25
2025-05-08T09:35:31,15,10,0,25
2025-05-08T10:08:26,15,10,0,25
2025-05-08T10:41:23,15,10,0,25
2025-05-08T11:14:20,15,10,0,25
2025-05-08T11:47:26,15,10,0,25
2025-05-08T12:20:23,15,10,0,25
2025-05-08T12:53:32,15,10,0,25
2025-05-08T13:26:28,15,10,0,25
2025-05-08T13:59:23,15,10,0,25
2025-05-08T14:32:29,15,10,0,25
2025-05-08T15:05:25,15,10,0,25
2025-05-08T15:38:21,15,10,0,25
2025-05-08T16:11:29,15,10,0,25
2025-05-08T16:44:25,15,10,0,25
2025-05-08T17:17:24,15,10,0,25
2025-05-08T17:50:20,15,10,0,25
2025-05-08T18:23:28,15,10,0,25
2025-05-08T18:56:26,15,10,0,25
2025-05-08T19:29:22,15,10,0,25
2025-05-08T20:02:19,15,10,0,25
2025-05-08T20:35:14,15,10,0,25
2025-05-08T21:08:19,15,10,0,25
2025-05-08T21:41:15,15,10,0,25
2025-05-08T22:14:10,15,10,0,25
2025-05-08T22:47:07,15,10,0,25
2025-05-08T23:20:04,15,10,0,25
2025-05-08T23:53:00,15,10,0,25
2025-05-09T00:26:16,15,10,0,25
2025-05-09T00:59:21,15,10,0,25
2025-05-09T01:32:25,15,10,0,25
2025-05-09T02:05:28,15,10,0,25
2025-05-09T02:38:43,15,10,0,25
2025-05-09T03:11:46,15,10,0,25
2025-05-09T03:44:52,15,10,0,25
2025-05-09T04:33:44,15,10,0,25
2025-05-09T05:06:57,15,10,0,25
2025-05-09T05:39:58,15,10,0,25
2025-05-09T06:13:00,15,10,0,25
2025-05-09T06:46:03,15,10,0,25
2025-05-09T07:19:04,15,10,0,25
2025-05-09T07:52:03,15,10,0,25
2025-05-09T08:25:00,15,10,0,25
2025-05-09T08:57:57,15,10,0,25
2025-05-09T09:31:02,15,10,0,25
2025-05-09T10:04:00,15,10,0,25
2025-05-09T10:36:56,15,10,0,25
2025-05-09T11:09:51,15,10,0,25
2025-05-09T11:42:46,15,10,0,25
2025-05-09T12:15:59,15,10,0,25
2025-05-09T12:48:55,15,10,0,25
2025-05-09T13:21:49,15,10,0,25
2025-05-09T13:54:46,15,10,0,25
2025-05-09T14:27:50,15,10,0,25
2025-05-09T15:00:45,15,10,0,25
2025-05-09T15:33:41,15,10,0,25
2025-05-09T16:06:40,15,10,0,25
2025-05-09T16:39:47,15,10,0,25
2025-05-09T17:12:43,15,10,0,25
2025-05-09T17:45:38,15,10,0,25
2025-05-09T18:18:34,15,10,0,25
2025-05-09T18:51:28,15,10,0,25
2025-05-09T19:24:33,15,10,0,25
2025-05-09T19:57:27,15,10,0,25
2025-05-09T20:30:22,15,10,0,25
2025-05-09T21:03:18,15,10,0,25
2025-05-09T21:36:15,15,10,0,25
2025-05-09T22:09:10,15,10,0,25
2025-05-09T22:42:16,15,10,0,25
2025-05-09T23:15:13,15,10,0,25
2025-05-09T23:48:12,15,10,0,25
2025-05-10T00:21:52,15,10,0,25
2025-05-10T00:54:56,15,10,0,25
2025-05-10T01:27:57,15,10,0,25
2025-05-10T02:00:58,15,10,0,25
2025-05-10T02:34:12,15,10,0,25
2025-05-10T03:07:19,15,10,0,25
2025-05-10T03:40:18,15,10,0,25
2025-05-10T04:35:39,15,10,0,25
2025-05-10T05:08:44,15,10,0,25
2025-05-10T05:41:46,15,10,0,25
2025-05-10T06:14:51,15,10,0,25
2025-05-10T06:47:55,15,10,0,25
2025-05-10T07:20:58,15,10,0,25
2025-05-10T07:53:56,15,10,0,25
2025-05-10T08:27:01,15,10,0,25
2025-05-10T08:59:58,15,10,0,25
2025-05-10T09:32:53,15,10,0,25
2025-05-10T10:05:47,15,10,0,25
2025-05-10T10:38:42,15,10,0,25
2025-05-10T11:12:00,15,10,0,25
2025-05-10T11:44:54,15,10,0,25
2025-05-10T12:17:58,15,10,0,25
2025-05-10T12:50:52,15,10,0,25
2025-05-10T13:23:47,15,10,0,25
2025-05-10T13:56:41,15,10,0,25
2025-05-10T14:29:36,15,10,0,25
2025-05-10T15:02:30,15,10,0,25
2025-05-10T15:35:35,15,10,0,25
2025-05-10T16:08:29,15,10,0,25
2025-05-10T16:41:24,15,10,0,25
2025-05-10T17:14:19,15,10,0,25
2025-05-10T17:47:22,15,10,0,25
2025-05-10T18:20:19,15,10,0,25
2025-05-10T18:53:16,15,10,0,25
2025-05-10T19:26:11,15,10,0,25
2025-05-10T19:59:05,15,10,0,25
2025-05-10T20:32:00,15,10,0,25
2025-05-10T21:04:56,15,10,0,25
2025-05-10T21:37:50,15,10,0,25
2025-05-10T22:10:55,15,10,0,25
2025-05-10T22:43:49,15,10,0,25
2025-05-10T23:16:45,15,10,0,25
2025-05-10T23:49:40,15,10,0,25
2025-05-11T00:22:40,15,10,0,25
2025-05-11T00:55:50,15,10,0,25
2025-05-11T01:28:54,15,10,0,25
2025-05-11T02:01:58,15,10,0,25
2025-05-11T02:35:09,15,10,0,25
2025-05-11T03:08:07,15,10,0,25
2025-05-11T03:41:09,15,10,0,25
2025-05-11T04:27:44,15,10,0,25
2025-05-11T05:00:54,15,10,0,25
2025-05-11T05:34:07,15,10,0,25
2025-05-11T06:07:13,15,10,0,25
2025-05-11T06:40:18,15,10,0,25
2025-05-11T07:13:22,15,10,0,25
2025-05-11T07:46:30,15,10,0,25
2025-05-11T08:19:32,15,10,0,25
2025-05-11T08:52:32,15,10,0,25
2025-05-11T09:25:38,15,10,0,25
2025-05-11T09:58:37,15,10,0,25
2025-05-11T10:31:48,15,10,0,25
2025-05-11T11:04:57,15,10,0,25
2025-05-11T11:38:02,15,10,0,25
2025-05-11T12:10:59,15,10,0,25
2025-05-11T12:44:07,15,10,0,25
2025-05-11T13:17:02,15,10,0,25
2025-05-11T13:49:57,15,10,0,25
2025-05-11T14:22:52,15,10,0,25
2025-05-11T14:55:47,15,10,0,25
2025-05-11T15:28:42,15,10,0,25
2025-05-11T16:01:48,15,10,0,25
2025-05-11T16:34:42,15,10,0,25
2025-05-11T17:07:37,15,10,0,25
2025-05-11T17:40:33,15,10,0,25
2025-05-11T18:13:30,15,10,0,25
2025-05-11T18:46:24,15,10,0,25
2025-05-11T19:19:33,15,10,0,25
2025-05-11T19:52:32,15,10,0,25
2025-05-11T20:25:28,15,10,0,25
2025-05-11T20:58:23,15,10,0,25
2025-05-11T21:31:22,15,10,0,25
2025-05-11T22:04:21,15,10,0,25
2025-05-11T22:37:28,15,10,0,25
2025-05-11T23:10:27,15,10,0,25
2025-05-11T23:43:25,15,10,0,25
2025-05-12T00:16:45,15,10,0,25
2025-05-12T00:49:52,15,10,0,25
2025-05-12T01:22:55,15,10,0,25
2025-05-12T01:55:56,15,10,0,25
2025-05-12T02:29:22,15,10,0,25
2025-05-12T03:02:22,15,10,0,25
2025-05-12T03:35:21,15,10,0,25
2025-05-12T04:08:21,15,10,0,25
2025-05-14T10:15:04,15,10,0,25
2025-05-14T10:47:59,15,10,0,25
2025-05-14T11:20:53,15,10,0,25
2025-05-14T11:53:49,15,10,0,25
2025-05-14T12:27:02,15,10,0,25
2025-05-14T13:00:41,15,10,0,25
2025-05-14T13:33:36,15,10,0,25
2025-05-14T14:06:40,15,10,0,25
2025-05-14T14:39:36,15,10,0,25
2025-05-14T15:12:31,15,10,0,25
2025-05-14T15:45:41,15,10,0,25
2025-05-14T16:18:36,15,10,0,25
2025-05-14T16:51:31,15,10,0,25
2025-05-14T17:24:27,15,10,0,25
2025-05-14T17:57:31,15,10,0,25
2025-05-14T18:30:27,15,10,0,25
2025-05-14T19:03:22,15,10,0,25
2025-05-14T19:36:16,15,10,0,25
2025-05-14T20:09:10,15,10,0,25
2025-05-14T20:42:20,15,10,0,25
2025-05-14T21:15:15,15,10,0,25
2025-05-14T21:48:08,15,10,0,25
2025-05-14T22:21:03,15,10,0,25
2025-05-14T22:53:56,15,10,0,25
2025-05-14T23:26:52,15,10,0,25
2025-05-14T23:59:55,15,10,0,25
2025-05-15T00:32:58,15,10,0,25
2025-05-15T01:06:02,15,10,0,25
2025-05-15T01:39:02,15,10,0,25
2025-05-15T02:12:02,15,10,0,25
2025-05-15T02:45:11,15,10,0,25
2025-05-15T03:18:24,15,10,0,25
2025-05-15T03:51:22,15,10,0,25
