time,enrolled,available,waitlisted,total
2025-02-04T18:53:47,0,30,0,30
2025-02-04T19:24:35,0,30,0,30
2025-02-04T19:55:21,0,30,0,30
2025-02-04T20:26:17,0,30,0,30
2025-02-04T20:57:03,0,30,0,30
2025-02-04T21:27:51,0,30,0,30
2025-02-04T21:58:43,0,30,0,30
2025-02-04T22:29:29,0,30,0,30
2025-02-04T23:00:14,0,30,0,30
2025-02-04T23:31:10,0,30,0,30
2025-02-05T00:01:56,0,30,0,30
2025-02-05T00:32:50,0,30,0,30
2025-02-05T01:03:41,0,30,0,30
2025-02-05T01:34:32,0,30,0,30
2025-02-05T02:05:29,0,30,0,30
2025-02-05T02:36:19,0,30,0,30
2025-02-05T03:07:10,0,30,0,30
2025-02-05T03:37:59,0,30,0,30
2025-02-05T04:39:05,0,30,0,30
2025-02-05T05:10:01,0,30,0,30
2025-02-05T05:40:51,0,30,0,30
2025-02-05T06:11:43,0,30,0,30
2025-02-05T06:42:33,0,30,0,30
2025-02-05T07:13:24,0,30,0,30
2025-02-05T07:44:12,0,30,0,30
2025-02-05T08:15:00,0,30,0,30
2025-02-05T08:46:08,0,30,0,30
2025-02-05T09:16:59,0,30,0,30
2025-02-05T09:47:47,0,30,0,30
2025-02-05T10:18:36,0,30,0,30
2025-02-05T10:49:25,0,30,0,30
2025-02-05T11:20:14,0,30,0,30
2025-02-05T11:51:24,0,30,0,30
2025-02-05T12:22:12,0,30,0,30
2025-02-05T12:53:11,0,30,0,30
2025-02-05T13:23:59,0,30,0,30
2025-02-05T13:54:47,0,30,0,30
2025-02-05T14:25:46,0,30,0,30
2025-02-05T14:56:43,0,30,0,30
2025-02-05T15:27:32,0,30,0,30
2025-02-05T15:58:19,0,30,0,30
2025-02-05T16:29:07,0,30,0,30
2025-02-05T17:00:06,0,30,0,30
2025-02-05T17:30:53,0,30,0,30
2025-02-05T18:01:39,0,30,0,30
2025-02-05T18:32:30,0,30,0,30
2025-02-05T19:03:17,0,30,0,30
2025-02-05T19:34:04,0,30,0,30
2025-02-05T20:04:50,0,30,0,30
2025-02-05T20:35:37,0,30,0,30
2025-02-05T21:06:24,0,30,0,30
2025-02-05T21:37:15,0,30,0,30
2025-02-05T22:08:02,0,30,0,30
2025-02-05T22:39:24,0,30,0,30
2025-02-05T23:10:13,0,30,0,30
2025-02-05T23:41:01,0,30,0,30
2025-02-06T00:11:49,0,30,0,30
2025-02-06T00:42:42,0,30,0,30
2025-02-06T01:13:37,0,30,0,30
2025-02-06T01:44:28,0,30,0,30
2025-02-06T02:15:23,0,30,0,30
2025-02-06T02:46:30,0,30,0,30
2025-02-06T03:17:30,0,30,0,30
2025-02-06T03:48:19,0,30,0,30
2025-02-06T04:40:37,0,30,0,30
2025-02-06T05:11:35,0,30,0,30
2025-02-06T05:42:28,0,30,0,30
2025-02-06T06:13:20,0,30,0,30
2025-02-06T06:44:11,0,30,0,30
2025-02-06T07:15:02,0,30,0,30
2025-02-06T07:45:50,0,30,0,30
2025-02-06T08:16:38,0,30,0,30
2025-02-06T08:47:25,0,30,0,30
2025-02-06T09:18:21,0,30,0,30
2025-02-06T09:49:09,0,30,0,30
2025-02-06T10:19:56,0,30,0,30
2025-02-06T10:50:45,0,30,0,30
2025-02-06T11:21:36,0,30,0,30
2025-02-06T11:52:33,0,30,0,30
2025-02-06T12:23:20,0,30,0,30
2025-02-06T12:54:10,0,30,0,30
2025-02-06T13:25:10,0,30,0,30
2025-02-06T13:55:57,0,30,0,30
2025-02-06T14:26:44,0,30,0,30
2025-02-06T14:57:44,0,30,0,30
2025-02-06T15:28:32,0,30,0,30
2025-02-06T15:59:23,0,30,0,30
2025-02-06T16:30:20,0,30,0,30
2025-02-06T17:01:14,0,30,0,30
2025-02-06T17:32:19,0,30,0,30
2025-02-06T18:03:13,0,30,0,30
2025-02-06T18:34:16,0,30,0,30
2025-02-06T19:05:11,0,30,0,30
2025-02-06T19:36:12,0,30,0,30
2025-02-06T20:07:07,0,30,0,30
2025-02-06T20:38:01,0,30,0,30
2025-02-06T21:08:55,0,30,0,30
2025-02-06T21:39:53,0,30,0,30
2025-02-06T22:10:57,0,30,0,30
2025-02-06T22:41:51,0,30,0,30
2025-02-06T23:12:46,0,30,0,30
2025-02-06T23:43:42,0,30,0,30
2025-02-07T00:14:36,0,30,0,30
2025-02-07T00:45:32,0,30,0,30
2025-02-07T01:16:40,0,30,0,30
2025-02-07T01:47:38,0,30,0,30
2025-02-07T02:18:41,0,30,0,30
2025-02-07T02:49:37,0,30,0,30
2025-02-07T03:20:37,0,30,0,30
2025-02-07T03:51:43,0,30,0,30
2025-02-07T04:49:22,0,30,0,30
2025-02-07T05:20:20,0,30,0,30
2025-02-07T05:51:20,0,30,0,30
2025-02-07T06:22:17,0,30,0,30
2025-02-07T06:53:13,0,30,0,30
2025-02-07T07:24:09,0,30,0,30
2025-02-07T07:55:03,0,30,0,30
2025-02-07T08:25:58,0,30,0,30
2025-02-07T08:57:08,0,30,0,30
2025-02-07T09:28:06,0,30,0,30
2025-02-07T09:59:08,0,30,0,30
2025-02-07T10:30:22,0,30,0,30
2025-02-07T11:01:38,0,30,0,30
2025-02-07T11:32:56,0,30,0,30
2025-02-07T12:04:12,0,30,0,30
2025-02-07T12:35:22,0,30,0,30
2025-02-07T13:07:10,0,30,0,30
2025-02-07T13:38:36,0,30,0,30
2025-02-07T14:10:11,0,30,0,30
2025-02-07T14:41:34,0,30,0,30
2025-02-07T15:12:49,0,30,0,30
2025-02-07T15:44:07,0,30,0,30
2025-02-07T16:15:23,0,30,0,30
2025-02-07T16:46:28,0,30,0,30
2025-02-07T17:17:44,0,30,0,30
2025-02-07T17:48:57,0,30,0,30
2025-02-07T18:20:02,0,30,0,30
2025-02-07T18:51:18,0,30,0,30
2025-02-07T19:22:24,0,30,0,30
2025-02-07T19:53:28,0,30,0,30
2025-02-07T20:24:43,0,30,0,30
2025-02-07T20:55:47,0,30,0,30
2025-02-07T21:27:02,0,30,0,30
2025-02-07T21:58:08,0,30,0,30
2025-02-07T22:29:13,0,30,0,30
2025-02-07T23:00:26,0,30,0,30
2025-02-07T23:31:31,0,30,0,30
2025-02-08T00:02:35,0,30,0,30
2025-02-08T00:33:43,0,30,0,30
2025-02-08T01:04:52,0,30,0,30
2025-02-08T01:36:07,0,30,0,30
2025-02-08T02:07:16,0,30,0,30
2025-02-08T02:38:22,0,30,0,30
2025-02-08T03:09:27,0,30,0,30
2025-02-08T03:40:34,0,30,0,30
2025-02-08T04:13:42,0,30,0,30
2025-02-08T04:47:03,0,30,0,30
2025-02-08T05:18:12,0,30,0,30
2025-02-08T05:49:21,0,30,0,30
2025-02-08T06:20:30,0,30,0,30
2025-02-08T06:51:38,0,30,0,30
2025-02-08T07:22:52,0,30,0,30
2025-02-08T07:54:00,0,30,0,30
2025-02-08T08:25:09,0,30,0,30
2025-02-08T08:56:23,0,30,0,30
2025-02-08T09:27:28,0,30,0,30
2025-02-08T09:58:33,0,30,0,30
2025-02-08T10:29:37,0,30,0,30
2025-02-08T11:00:41,0,30,0,30
2025-02-08T11:31:58,0,30,0,30
2025-02-08T12:03:03,0,30,0,30
2025-02-08T12:34:08,0,30,0,30
2025-02-08T13:05:13,0,30,0,30
2025-02-08T13:36:28,0,30,0,30
2025-02-08T14:07:32,0,30,0,30
2025-02-08T14:38:37,0,30,0,30
2025-02-08T15:09:52,0,30,0,30
2025-02-08T15:40:57,0,30,0,30
2025-02-08T16:12:01,0,30,0,30
2025-02-08T16:43:06,0,30,0,30
2025-02-08T17:14:20,0,30,0,30
2025-02-08T17:45:25,0,30,0,30
2025-02-08T18:16:29,0,30,0,30
2025-02-08T18:47:44,0,30,0,30
2025-02-08T19:18:49,0,30,0,30
2025-02-08T19:49:52,0,30,0,30
2025-02-08T20:20:56,0,30,0,30
2025-02-08T20:52:01,0,30,0,30
2025-02-08T21:23:15,0,30,0,30
2025-02-08T21:54:20,0,30,0,30
2025-02-08T22:25:24,0,30,0,30
2025-02-08T22:56:28,0,30,0,30
2025-02-08T23:27:34,0,30,0,30
2025-02-08T23:58:47,0,30,0,30
2025-02-09T00:29:54,0,30,0,30
2025-02-09T01:01:01,0,30,0,30
2025-02-09T01:32:05,0,30,0,30
2025-02-09T02:03:10,0,30,0,30
2025-02-09T02:34:15,0,30,0,30
2025-02-09T03:05:19,0,30,0,30
2025-02-09T03:36:37,0,30,0,30
2025-02-09T04:09:34,0,30,0,30
2025-02-09T04:45:07,0,30,0,30
2025-02-09T05:16:18,0,30,0,30
2025-02-09T05:47:29,0,30,0,30
2025-02-09T06:18:39,0,30,0,30
2025-02-09T06:49:48,0,30,0,30
2025-02-09T07:20:56,0,30,0,30
2025-02-09T07:52:06,0,30,0,30
2025-02-09T08:24:24,0,30,0,30
2025-02-09T08:55:46,0,30,0,30
2025-02-09T09:26:53,0,30,0,30
2025-02-09T09:58:17,0,30,0,30
2025-02-09T10:29:25,0,30,0,30
2025-02-09T11:00:32,0,30,0,30
2025-02-09T11:31:40,0,30,0,30
2025-02-09T12:02:55,0,30,0,30
2025-02-09T12:33:59,0,30,0,30
2025-02-09T13:05:03,0,30,0,30
2025-02-09T13:36:07,0,30,0,30
2025-02-09T14:07:11,0,30,0,30
2025-02-09T14:38:26,0,30,0,30
2025-02-09T15:09:31,0,30,0,30
2025-02-09T15:40:38,0,30,0,30
2025-02-09T16:11:53,0,30,0,30
2025-02-09T16:42:57,0,30,0,30
2025-02-09T17:14:02,0,30,0,30
2025-02-09T17:45:17,0,30,0,30
2025-02-09T18:16:20,0,30,0,30
2025-02-09T18:47:25,0,30,0,30
2025-02-09T19:18:31,0,30,0,30
2025-02-09T19:49:54,0,30,0,30
2025-02-09T20:20:58,0,30,0,30
2025-02-09T20:52:03,0,30,0,30
2025-02-09T21:23:09,0,30,0,30
2025-02-09T21:54:24,0,30,0,30
2025-02-09T22:25:29,0,30,0,30
2025-02-09T22:56:33,0,30,0,30
2025-02-09T23:27:48,0,30,0,30
2025-02-09T23:58:53,0,30,0,30
2025-02-10T00:30:02,0,30,0,30
2025-02-10T01:01:12,0,30,0,30
2025-02-10T01:32:21,0,30,0,30
2025-02-10T02:03:38,0,30,0,30
2025-02-10T02:34:47,0,30,0,30
2025-02-10T03:05:55,0,30,0,30
2025-02-10T03:37:02,0,30,0,30
2025-02-10T04:40:22,0,30,0,30
2025-02-10T05:11:32,0,30,0,30
2025-02-10T05:42:42,0,30,0,30
2025-02-10T06:13:50,0,30,0,30
2025-02-10T06:44:59,0,30,0,30
2025-02-10T07:16:06,0,30,0,30
2025-02-10T07:47:15,0,30,0,30
2025-02-10T08:18:19,0,30,0,30
2025-02-10T08:49:26,0,30,0,30
2025-02-10T09:20:41,0,30,0,30
2025-02-10T09:51:48,0,30,0,30
2025-02-10T10:22:56,0,30,0,30
2025-02-10T10:54:17,0,30,0,30
2025-02-10T11:25:45,0,30,0,30
2025-02-10T11:56:55,0,30,0,30
2025-02-10T12:28:12,0,30,0,30
2025-02-10T13:00:21,0,30,0,30
2025-02-10T13:35:47,0,30,0,30
2025-02-10T14:10:09,0,30,0,30
2025-02-10T14:41:20,0,30,0,30
2025-02-10T15:12:54,0,30,0,30
2025-02-10T15:44:06,0,30,0,30
2025-02-10T16:15:35,0,30,0,30
2025-02-10T16:46:47,0,30,0,30
2025-02-10T17:18:10,0,30,0,30
2025-02-10T17:49:22,0,30,0,30
2025-02-10T18:20:54,0,30,0,30
2025-02-10T18:52:05,0,30,0,30
2025-02-10T19:23:37,0,30,0,30
2025-02-10T19:54:48,0,30,0,30
2025-02-10T20:26:00,0,30,0,30
2025-02-10T20:57:24,0,30,0,30
2025-02-10T21:28:36,0,30,0,30
2025-02-10T21:59:49,0,30,0,30
2025-02-10T22:31:02,0,30,0,30
2025-02-10T23:02:23,0,30,0,30
2025-02-10T23:33:35,0,30,0,30
2025-02-11T00:04:46,0,30,0,30
2025-02-11T00:36:13,0,30,0,30
2025-02-11T01:07:30,0,30,0,30
2025-02-11T01:38:45,0,30,0,30
2025-02-11T02:10:05,0,30,0,30
2025-02-11T02:41:17,0,30,0,30
2025-02-11T03:12:30,0,30,0,30
2025-02-11T03:43:45,0,30,0,30
2025-02-11T04:15:00,0,30,0,30
2025-02-11T04:50:58,0,30,0,30
2025-02-11T05:22:14,0,30,0,30
2025-02-11T05:53:31,0,30,0,30
2025-02-11T06:24:46,0,30,0,30
2025-02-11T06:56:03,0,30,0,30
2025-02-11T07:27:21,0,30,0,30
2025-02-11T07:58:34,0,30,0,30
2025-02-11T08:29:51,0,30,0,30
2025-02-11T09:01:17,0,30,0,30
2025-02-11T09:32:39,0,30,0,30
2025-02-11T10:03:51,0,30,0,30
2025-02-11T10:35:13,0,30,0,30
2025-02-11T11:06:27,0,30,0,30
2025-02-11T11:37:58,0,30,0,30
2025-02-11T12:09:12,0,30,0,30
2025-02-11T12:40:37,0,30,0,30
2025-02-11T13:11:50,0,30,0,30
2025-02-11T13:43:12,0,30,0,30
2025-02-11T14:14:24,0,30,0,30
2025-02-11T14:45:50,0,30,0,30
2025-02-11T15:17:17,0,30,0,30
2025-02-11T15:48:30,0,30,0,30
2025-02-11T16:19:55,0,30,0,30
2025-02-11T16:51:10,0,30,0,30
2025-02-11T17:22:29,0,30,0,30
2025-02-11T17:53:55,0,30,0,30
2025-02-11T18:25:08,0,30,0,30
2025-02-11T18:56:30,0,30,0,30
2025-02-11T19:27:43,0,30,0,30
2025-02-11T19:59:06,0,30,0,30
2025-02-11T20:30:19,0,30,0,30
2025-02-11T21:01:32,0,30,0,30
2025-02-11T21:32:56,0,30,0,30
2025-02-11T22:04:21,0,30,0,30
2025-02-11T22:35:33,0,30,0,30
2025-02-11T23:06:56,0,30,0,30
2025-02-11T23:38:11,0,30,0,30
2025-02-12T00:09:34,0,30,0,30
2025-02-12T00:40:51,0,30,0,30
2025-02-12T01:12:09,0,30,0,30
2025-02-12T01:43:26,0,30,0,30
2025-02-12T02:14:48,0,30,0,30
2025-02-12T02:46:07,0,30,0,30
2025-02-12T03:17:24,0,30,0,30
2025-02-12T03:49:01,0,30,0,30
2025-02-12T04:46:32,0,30,0,30
2025-02-12T05:18:10,0,30,0,30
2025-02-12T05:49:27,0,30,0,30
2025-02-12T06:20:45,0,30,0,30
2025-02-12T06:52:01,0,30,0,30
2025-02-12T07:23:18,0,30,0,30
2025-02-12T07:54:32,0,30,0,30
2025-02-12T08:25:45,0,30,0,30
2025-02-12T08:57:03,0,30,0,30
2025-02-12T09:28:37,0,30,0,30
2025-02-12T09:59:49,0,30,0,30
2025-02-12T10:31:01,0,30,0,30
2025-02-12T11:02:27,0,30,0,30
2025-02-12T11:33:42,0,30,0,30
2025-02-12T12:05:08,0,30,0,30
2025-02-12T12:36:22,0,30,0,30
2025-02-12T13:08:00,0,30,0,30
2025-02-12T13:39:16,0,30,0,30
2025-02-12T14:10:34,0,30,0,30
2025-02-12T14:42:02,0,30,0,30
2025-02-12T15:13:39,0,30,0,30
2025-02-12T15:44:55,0,30,0,30
2025-02-12T16:16:11,0,30,0,30
2025-02-12T16:47:39,0,30,0,30
2025-02-12T17:18:57,0,30,0,30
2025-02-12T17:50:32,0,30,0,30
2025-02-12T18:21:49,0,30,0,30
2025-02-12T18:53:04,0,30,0,30
2025-02-12T19:24:32,0,30,0,30
2025-02-12T19:55:48,0,30,0,30
2025-02-12T20:27:04,0,30,0,30
2025-02-12T20:58:29,0,30,0,30
2025-02-12T21:29:46,0,30,0,30
2025-02-12T22:01:01,0,30,0,30
2025-02-12T22:32:28,0,30,0,30
2025-02-12T23:03:45,0,30,0,30
2025-02-12T23:35:03,0,30,0,30
2025-02-13T00:06:20,0,30,0,30
2025-02-13T00:37:50,0,30,0,30
2025-02-13T01:09:13,0,30,0,30
2025-02-13T01:40:33,0,30,0,30
2025-02-13T02:11:58,0,30,0,30
2025-02-13T02:43:15,0,30,0,30
2025-02-13T03:14:34,0,30,0,30
2025-02-13T03:46:02,0,30,0,30
2025-02-13T04:17:22,0,30,0,30
2025-02-13T04:51:00,0,30,0,30
2025-02-13T05:22:23,0,30,0,30
2025-02-13T05:53:45,0,30,0,30
2025-02-13T06:25:06,0,30,0,30
2025-02-13T06:56:28,0,30,0,30
2025-02-13T07:27:50,0,30,0,30
2025-02-13T07:59:07,0,30,0,30
2025-02-13T08:30:28,0,30,0,30
2025-02-13T09:01:50,0,30,0,30
2025-02-13T09:33:17,0,30,0,30
2025-02-13T10:04:34,0,30,0,30
2025-02-13T10:35:52,0,30,0,30
2025-02-13T11:07:10,0,30,0,30
2025-02-13T11:38:40,0,30,0,30
2025-02-13T12:09:56,0,30,0,30
2025-02-13T12:41:29,0,30,0,30
2025-02-13T13:12:51,0,30,0,30
2025-02-13T13:44:21,0,30,0,30
2025-02-13T14:15:41,0,30,0,30
2025-02-13T14:47:00,0,30,0,30
2025-02-13T15:18:30,0,30,0,30
2025-02-13T15:49:51,0,30,0,30
2025-02-13T16:21:24,0,30,0,30
2025-02-13T16:52:44,0,30,0,30
2025-02-13T17:24:04,0,30,0,30
2025-02-13T17:55:34,0,30,0,30
2025-02-13T18:26:54,0,30,0,30
2025-02-13T18:58:13,0,30,0,30
2025-02-13T19:29:33,0,30,0,30
2025-02-13T20:01:06,0,30,0,30
2025-02-13T20:32:24,0,30,0,30
2025-02-13T21:03:43,0,30,0,30
2025-02-13T21:35:14,0,30,0,30
2025-02-13T22:06:33,0,30,0,30
2025-02-13T22:37:51,0,30,0,30
2025-02-13T23:09:10,0,30,0,30
2025-02-13T23:40:38,0,30,0,30
2025-02-14T00:11:59,0,30,0,30
2025-02-14T00:43:22,0,30,0,30
2025-02-14T01:14:46,0,30,0,30
2025-02-14T01:46:09,0,30,0,30
2025-02-14T02:17:39,0,30,0,30
2025-02-14T02:49:12,0,30,0,30
2025-02-14T03:20:35,0,30,0,30
2025-02-14T03:52:07,0,30,0,30
2025-02-14T04:41:40,0,30,0,30
2025-02-14T05:13:06,0,30,0,30
2025-02-14T05:44:30,0,30,0,30
2025-02-14T06:15:53,0,30,0,30
2025-02-14T06:47:17,0,30,0,30
2025-02-14T07:18:40,0,30,0,30
2025-02-14T07:50:00,0,30,0,30
2025-02-14T08:21:21,0,30,0,30
2025-02-14T08:52:43,0,30,0,30
2025-02-14T09:24:15,0,30,0,30
2025-02-14T09:55:34,0,30,0,30
2025-02-14T10:26:52,0,30,0,30
2025-02-14T10:58:22,0,30,0,30
2025-02-14T11:29:41,0,30,0,30
2025-02-14T12:01:22,0,30,0,30
2025-02-14T12:33:17,0,30,0,30
2025-02-14T13:04:52,0,30,0,30
2025-02-14T13:36:11,0,30,0,30
2025-02-14T14:07:40,0,30,0,30
2025-02-14T14:38:59,0,30,0,30
2025-02-14T15:10:31,0,30,0,30
2025-02-14T15:41:54,0,30,0,30
2025-02-14T16:13:14,0,30,0,30
2025-02-14T16:44:43,0,30,0,30
2025-02-14T17:16:03,0,30,0,30
2025-02-14T17:47:23,0,30,0,30
2025-02-14T18:18:43,0,30,0,30
2025-02-14T18:50:13,0,30,0,30
2025-02-14T19:21:33,0,30,0,30
2025-02-14T19:52:54,0,30,0,30
2025-02-14T20:24:14,0,30,0,30
2025-02-14T20:55:42,0,30,0,30
2025-02-14T21:27:03,0,30,0,30
2025-02-14T21:58:24,0,30,0,30
2025-02-14T22:29:47,0,30,0,30
2025-02-14T23:01:16,0,30,0,30
2025-02-14T23:32:38,0,30,0,30
2025-02-15T00:05:43,0,30,0,30
2025-02-15T00:37:19,0,30,0,30
2025-02-15T01:08:42,0,30,0,30
2025-02-15T01:40:05,0,30,0,30
2025-02-15T02:11:28,0,30,0,30
2025-02-15T02:42:48,0,30,0,30
2025-02-15T03:14:08,0,30,0,30
2025-02-15T03:45:30,0,30,0,30
2025-02-15T04:43:32,0,30,0,30
2025-02-15T05:14:57,0,30,0,30
2025-02-15T05:46:21,0,30,0,30
2025-02-15T06:17:44,0,30,0,30
2025-02-15T06:49:21,0,30,0,30
2025-02-15T07:20:45,0,30,0,30
2025-02-15T07:52:08,0,30,0,30
2025-02-15T08:23:38,0,30,0,30
2025-02-15T08:54:59,0,30,0,30
2025-02-15T09:26:18,0,30,0,30
2025-02-15T09:57:38,0,30,0,30
2025-02-15T10:28:57,0,30,0,30
2025-02-15T11:00:33,0,30,0,30
2025-02-15T11:31:54,0,30,0,30
2025-02-15T12:03:22,0,30,0,30
2025-02-15T12:34:42,0,30,0,30
2025-02-15T13:06:01,0,30,0,30
2025-02-15T13:37:36,0,30,0,30
2025-02-15T14:08:54,0,30,0,30
2025-02-15T14:40:29,0,30,0,30
2025-02-15T15:11:48,0,30,0,30
2025-02-15T15:43:07,0,30,0,30
2025-02-15T16:14:35,0,30,0,30
2025-02-15T16:45:54,0,30,0,30
2025-02-15T17:17:24,0,30,0,30
2025-02-15T17:48:43,0,30,0,30
2025-02-15T18:20:02,0,30,0,30
2025-02-15T18:51:44,0,30,0,30
2025-02-15T19:23:04,0,30,0,30
2025-02-15T19:54:22,0,30,0,30
2025-02-15T20:25:42,0,30,0,30
2025-02-15T20:57:10,0,30,0,30
2025-02-15T21:28:31,0,30,0,30
2025-02-15T21:59:53,0,30,0,30
2025-02-15T22:31:22,0,30,0,30
2025-02-15T23:02:44,0,30,0,30
2025-02-15T23:34:04,0,30,0,30
2025-02-16T00:05:23,0,30,0,30
2025-02-16T00:36:59,0,30,0,30
2025-02-16T01:41:18,0,30,0,30
2025-02-16T02:12:40,0,30,0,30
2025-02-16T02:43:58,0,30,0,30
2025-02-16T03:15:19,0,30,0,30
2025-02-16T03:46:39,0,30,0,30
2025-02-16T04:40:34,0,30,0,30
2025-02-16T05:12:11,0,30,0,30
2025-02-16T05:43:37,0,30,0,30
2025-02-16T06:15:28,0,30,0,30
2025-02-16T06:46:53,0,30,0,30
2025-02-16T07:18:21,0,30,0,30
2025-02-16T07:49:47,0,30,0,30
2025-02-16T08:21:13,0,30,0,30
2025-02-16T08:52:46,0,30,0,30
2025-02-16T09:24:11,0,30,0,30
2025-02-16T09:55:36,0,30,0,30
2025-02-16T10:27:02,0,30,0,30
2025-02-16T10:58:36,0,30,0,30
2025-02-16T11:29:57,0,30,0,30
2025-02-16T12:01:17,0,30,0,30
2025-02-16T12:32:37,0,30,0,30
2025-02-16T13:03:57,0,30,0,30
2025-02-16T13:35:26,0,30,0,30
2025-02-16T14:06:46,0,30,0,30
2025-02-16T14:38:06,0,30,0,30
2025-02-16T15:09:34,0,30,0,30
2025-02-16T15:40:54,0,30,0,30
2025-02-16T16:12:13,0,30,0,30
2025-02-16T16:43:41,0,30,0,30
2025-02-16T17:15:01,0,30,0,30
2025-02-16T17:46:20,0,30,0,30
2025-02-16T18:17:40,0,30,0,30
2025-02-16T18:49:09,0,30,0,30
2025-02-16T19:20:29,0,30,0,30
2025-02-16T19:51:48,0,30,0,30
2025-02-16T20:23:07,0,30,0,30
2025-02-16T20:54:35,0,30,0,30
2025-02-16T21:25:57,0,30,0,30
2025-02-16T21:57:17,0,30,0,30
2025-02-16T22:28:47,0,30,0,30
2025-02-16T23:00:06,0,30,0,30
2025-02-16T23:31:26,0,30,0,30
2025-02-17T00:02:46,0,30,0,30
2025-02-17T00:34:16,0,30,0,30
2025-02-17T01:05:43,0,30,0,30
2025-02-17T01:37:05,0,30,0,30
2025-02-17T02:08:29,0,30,0,30
2025-02-17T02:39:52,0,30,0,30
2025-02-17T03:11:13,0,30,0,30
2025-02-17T03:42:46,0,30,0,30
2025-02-17T04:40:17,0,30,0,30
2025-02-17T05:11:44,0,30,0,30
2025-02-17T05:43:10,0,30,0,30
2025-02-17T06:14:34,0,30,0,30
2025-02-17T06:45:58,0,30,0,30
2025-02-17T07:17:22,0,30,0,30
2025-02-17T07:48:43,0,30,0,30
2025-02-17T08:20:07,0,30,0,30
2025-02-17T08:51:29,0,30,0,30
2025-02-17T09:22:58,0,30,0,30
2025-02-17T09:54:17,0,30,0,30
2025-02-17T10:25:36,0,30,0,30
2025-02-17T10:57:05,0,30,0,30
2025-02-17T11:28:25,0,30,0,30
2025-02-17T11:59:46,0,30,0,30
2025-02-17T12:31:16,0,30,0,30
2025-02-17T13:02:36,0,30,0,30
2025-02-17T13:34:06,0,30,0,30
2025-02-17T14:05:27,0,30,0,30
2025-02-17T14:36:57,0,30,0,30
2025-02-17T15:08:19,0,30,0,30
2025-02-17T15:39:50,0,30,0,30
2025-02-17T16:11:12,0,30,0,30
2025-02-17T16:42:41,0,30,0,30
2025-02-17T17:14:02,0,30,0,30
2025-02-17T17:45:32,0,30,0,30
2025-02-17T18:16:52,0,30,0,30
2025-02-17T18:48:20,0,30,0,30
2025-02-17T19:19:50,0,30,0,30
2025-02-17T19:51:10,0,30,0,30
2025-02-17T20:22:30,0,30,0,30
2025-02-17T20:53:59,0,30,0,30
2025-02-17T21:25:20,0,30,0,30
2025-02-17T21:56:49,0,30,0,30
2025-02-17T22:28:11,0,30,0,30
2025-02-17T22:59:41,0,30,0,30
2025-02-17T23:31:01,0,30,0,30
2025-02-18T00:02:32,0,30,0,30
2025-02-18T00:33:54,0,30,0,30
2025-02-18T01:05:18,0,30,0,30
2025-02-18T01:36:49,0,30,0,30
2025-02-18T02:08:20,0,30,0,30
2025-02-18T02:39:44,0,30,0,30
2025-02-18T03:11:05,0,30,0,30
2025-02-18T03:42:27,0,30,0,30
2025-02-18T04:13:49,0,30,0,30
2025-02-18T04:51:39,0,30,0,30
2025-02-18T05:23:03,0,30,0,30
2025-02-18T05:54:31,0,30,0,30
2025-02-18T06:25:58,0,30,0,30
2025-02-18T06:57:27,0,30,0,30
2025-02-18T07:28:49,0,30,0,30
2025-02-18T08:00:18,0,30,0,30
2025-02-18T08:31:42,0,30,0,30
2025-02-18T09:03:05,0,30,0,30
2025-02-18T09:34:40,0,30,0,30
2025-02-18T10:06:06,0,30,0,30
2025-02-18T10:37:41,0,30,0,30
2025-02-18T11:09:16,0,30,0,30
2025-02-18T11:40:55,0,30,0,30
2025-02-18T12:12:32,0,30,0,30
2025-02-18T12:44:09,0,30,0,30
2025-02-18T13:15:48,0,30,0,30
2025-02-18T13:47:29,0,30,0,30
2025-02-18T14:19:08,0,30,0,30
2025-02-18T14:50:51,0,30,0,30
2025-02-18T15:22:35,0,30,0,30
2025-02-18T15:54:20,0,30,0,30
2025-02-18T16:26:12,0,30,0,30
2025-02-18T16:57:53,0,30,0,30
2025-02-18T17:29:32,0,30,0,30
2025-02-18T18:01:24,0,30,0,30
2025-02-18T18:33:04,0,30,0,30
2025-02-18T19:04:33,0,30,0,30
2025-02-18T19:36:14,0,30,0,30
2025-02-18T20:22:23,0,30,0,30
2025-02-18T20:54:03,0,30,0,30
2025-02-18T21:25:32,0,30,0,30
2025-02-18T21:57:07,0,30,0,30
2025-02-18T22:28:58,0,30,0,30
2025-02-18T23:00:22,0,30,0,30
2025-02-18T23:31:59,0,30,0,30
2025-02-19T00:03:46,0,30,0,30
2025-02-19T00:35:39,0,30,0,30
2025-02-19T01:07:10,0,30,0,30
2025-02-19T01:38:39,0,30,0,30
2025-02-19T02:10:26,0,30,0,30
2025-02-19T02:41:57,0,30,0,30
2025-02-19T03:13:25,0,30,0,30
2025-02-19T03:45:05,0,30,0,30
2025-02-19T04:44:52,0,30,0,30
2025-02-19T05:16:25,0,30,0,30
2025-02-19T05:47:58,0,30,0,30
2025-02-19T06:19:27,0,30,0,30
2025-02-19T06:50:56,0,30,0,30
2025-02-19T07:22:22,0,30,0,30
2025-02-19T07:54:02,0,30,0,30
2025-02-19T08:25:27,0,30,0,30
2025-02-19T08:56:54,0,30,0,30
2025-02-19T09:28:31,0,30,0,30
2025-02-19T10:00:12,0,30,0,30
2025-02-19T10:31:43,0,30,0,30
2025-02-19T11:03:25,0,30,0,30
2025-02-19T11:35:29,0,30,0,30
2025-02-19T12:07:10,29,1,0,30
2025-02-19T12:38:59,29,1,0,30
2025-02-19T13:10:41,29,1,0,30
2025-02-19T13:42:23,29,1,0,30
2025-02-19T14:14:06,29,1,0,30
2025-02-19T14:46:30,29,1,0,30
2025-02-19T15:18:21,29,1,0,30
2025-02-19T15:50:05,29,1,0,30
2025-02-19T16:21:50,29,1,0,30
2025-02-19T16:53:45,29,1,0,30
2025-02-19T17:25:28,29,1,0,30
2025-02-19T17:57:19,29,1,0,30
2025-02-19T18:29:02,29,1,0,30
2025-02-19T19:00:45,29,1,0,30
2025-02-19T19:32:24,29,1,0,30
2025-02-19T20:04:05,29,1,0,30
2025-02-19T20:35:34,29,1,0,30
2025-02-19T21:07:13,29,1,0,30
2025-02-19T21:38:51,29,1,0,30
2025-02-19T22:10:18,29,1,0,30
2025-02-19T22:41:56,29,1,0,30
2025-02-19T23:13:32,29,1,0,30
2025-02-19T23:45:00,29,1,0,30
2025-02-20T00:16:38,29,1,0,30
2025-02-20T00:48:07,29,1,0,30
2025-02-20T01:19:51,29,1,0,30
2025-02-20T01:51:23,29,1,0,30
2025-02-20T02:22:55,29,1,0,30
2025-02-20T02:54:23,29,1,0,30
2025-02-20T03:25:53,29,1,0,30
2025-02-20T03:57:25,29,1,0,30
2025-02-20T04:42:20,29,1,0,30
2025-02-20T05:13:52,29,1,0,30
2025-02-20T05:45:24,29,1,0,30
2025-02-20T06:16:56,29,1,0,30
2025-02-20T06:48:27,29,1,0,30
2025-02-20T07:20:00,29,1,0,30
2025-02-20T07:51:38,29,1,0,30
2025-02-20T08:23:06,29,1,0,30
2025-02-20T08:54:34,29,1,0,30
2025-02-20T09:26:13,29,1,0,30
2025-02-20T09:57:43,29,1,0,30
2025-02-20T10:29:27,29,1,0,30
2025-02-20T11:01:11,29,1,0,30
2025-02-20T11:32:58,29,1,0,30
2025-02-20T12:04:39,29,1,0,30
2025-02-20T12:36:22,29,1,0,30
2025-02-20T13:08:04,29,1,0,30
2025-02-20T13:39:49,29,1,0,30
2025-02-20T14:11:34,29,1,0,30
2025-02-20T14:43:17,29,1,0,30
2025-02-20T15:15:02,29,1,0,30
2025-02-20T15:46:37,29,1,0,30
2025-02-20T16:18:19,29,1,0,30
2025-02-20T16:50:02,29,1,0,30
2025-02-20T17:21:50,29,1,0,30
2025-02-20T17:53:34,29,1,0,30
2025-02-20T18:25:05,29,1,0,30
2025-02-20T18:56:45,29,1,0,30
2025-02-20T19:28:15,29,1,0,30
2025-02-20T19:59:53,29,1,0,30
2025-02-20T20:31:22,29,1,0,30
2025-02-20T21:03:00,29,1,0,30
2025-02-20T21:34:29,29,1,0,30
2025-02-20T22:06:10,29,1,0,30
2025-02-20T22:37:40,29,1,0,30
2025-02-20T23:09:19,29,1,0,30
2025-02-20T23:40:49,29,1,0,30
2025-02-21T00:12:19,29,1,0,30
2025-02-21T00:43:50,29,1,0,30
2025-02-21T01:15:32,29,1,0,30
2025-02-21T01:47:03,29,1,0,30
2025-02-21T02:18:43,29,1,0,30
2025-02-21T02:50:14,29,1,0,30
2025-02-21T03:21:47,29,1,0,30
2025-02-21T03:53:20,29,1,0,30
2025-02-21T04:51:05,29,1,0,30
2025-02-21T05:23:00,29,1,0,30
2025-02-21T05:54:36,29,1,0,30
2025-02-21T06:26:14,29,1,0,30
2025-02-21T06:57:48,29,1,0,30
2025-02-21T07:29:23,29,1,0,30
2025-02-21T08:00:54,29,1,0,30
2025-02-21T08:32:25,29,1,0,30
2025-02-21T09:04:07,29,1,0,30
2025-02-21T09:35:36,29,1,0,30
2025-02-21T10:07:05,29,1,0,30
2025-02-21T10:38:47,29,1,0,30
2025-02-21T11:10:17,29,1,0,30
2025-02-21T11:41:58,29,1,0,30
2025-02-21T12:13:29,29,1,0,30
2025-02-21T12:45:07,29,1,0,30
2025-02-21T13:16:38,29,1,0,30
2025-02-21T13:48:17,29,1,0,30
2025-02-21T14:19:48,29,1,0,30
2025-02-21T14:51:28,29,1,0,30
2025-02-21T15:22:58,29,1,0,30
2025-02-21T15:54:28,29,1,0,30
2025-02-21T16:26:08,29,1,0,30
2025-02-21T16:57:38,29,1,0,30
2025-02-21T17:29:08,29,1,0,30
2025-02-21T18:00:48,29,1,0,30
2025-02-21T18:32:17,29,1,0,30
2025-02-21T19:03:46,29,1,0,30
2025-02-21T19:35:24,29,1,0,30
2025-02-21T20:06:53,29,1,0,30
2025-02-21T20:38:23,29,1,0,30
2025-02-21T21:09:53,29,1,0,30
2025-02-21T21:41:25,29,1,0,30
2025-02-21T22:13:05,29,1,0,30
2025-02-21T22:44:35,29,1,0,30
2025-02-21T23:16:05,29,1,0,30
2025-02-21T23:47:36,29,1,0,30
2025-02-22T00:19:17,29,1,0,30
2025-02-22T00:50:52,29,1,0,30
2025-02-22T01:22:25,29,1,0,30
2025-02-22T01:53:59,29,1,0,30
2025-02-22T02:25:29,29,1,0,30
2025-02-22T02:56:59,29,1,0,30
2025-02-22T03:28:29,29,1,0,30
2025-02-22T04:02:11,29,1,0,30
2025-02-22T16:47:07,29,1,0,30
2025-02-22T17:18:37,29,1,0,30
2025-02-22T17:50:07,29,1,0,30
2025-02-22T18:21:37,29,1,0,30
2025-02-22T18:53:06,29,1,0,30
2025-02-22T19:24:45,29,1,0,30
2025-02-22T19:56:15,29,1,0,30
2025-02-22T20:27:44,29,1,0,30
2025-02-22T20:59:14,29,1,0,30
2025-02-22T21:30:54,29,1,0,30
2025-02-22T22:02:24,29,1,0,30
2025-02-22T22:33:53,29,1,0,30
2025-02-22T23:05:22,29,1,0,30
2025-02-22T23:36:52,29,1,0,30
2025-02-23T00:08:32,29,1,0,30
2025-02-23T00:40:05,29,1,0,30
2025-02-23T01:11:36,29,1,0,30
2025-02-23T01:43:06,29,1,0,30
2025-02-23T02:14:37,29,1,0,30
2025-02-23T02:46:08,29,1,0,30
2025-02-23T03:17:40,29,1,0,30
2025-02-23T03:49:37,29,1,0,30
2025-02-23T04:45:00,29,1,0,30
2025-02-23T05:45:28,29,1,0,30
2025-02-23T06:17:04,29,1,0,30
2025-02-23T06:48:40,29,1,0,30
2025-02-23T07:20:15,29,1,0,30
2025-02-23T07:51:50,29,1,0,30
2025-02-23T08:23:23,29,1,0,30
2025-02-23T08:54:54,29,1,0,30
2025-02-23T09:26:25,29,1,0,30
2025-02-23T09:57:55,29,1,0,30
2025-02-23T10:29:32,29,1,0,30
2025-02-23T11:01:02,29,1,0,30
2025-02-23T11:32:34,29,1,0,30
2025-02-23T12:04:17,29,1,0,30
2025-02-23T12:35:49,29,1,0,30
2025-02-23T13:07:20,29,1,0,30
2025-02-23T13:38:50,29,1,0,30
2025-02-23T14:10:20,29,1,0,30
2025-02-23T14:42:00,29,1,0,30
2025-02-23T15:13:29,29,1,0,30
2025-02-23T15:44:58,29,1,0,30
2025-02-23T16:16:36,29,1,0,30
2025-02-23T16:48:06,29,1,0,30
2025-02-23T17:19:35,29,1,0,30
2025-02-23T17:51:13,29,1,0,30
2025-02-23T18:22:43,29,1,0,30
2025-02-23T18:54:12,29,1,0,30
2025-02-23T19:25:52,29,1,0,30
2025-02-23T19:57:23,29,1,0,30
2025-02-23T20:28:53,29,1,0,30
2025-02-23T21:00:22,29,1,0,30
2025-02-23T21:32:06,29,1,0,30
2025-02-23T22:03:36,29,1,0,30
2025-02-23T22:35:05,29,1,0,30
2025-02-23T23:06:45,29,1,0,30
2025-02-23T23:38:18,29,1,0,30
2025-02-24T00:10:48,29,1,0,30
2025-02-24T00:42:32,29,1,0,30
2025-02-24T01:14:09,29,1,0,30
2025-02-24T01:45:43,29,1,0,30
2025-02-24T02:17:19,29,1,0,30
2025-02-24T02:48:52,29,1,0,30
2025-02-24T03:20:33,29,1,0,30
2025-02-24T03:52:05,29,1,0,30
2025-02-24T04:47:54,29,1,0,30
2025-02-24T05:19:29,29,1,0,30
2025-02-24T05:51:08,29,1,0,30
2025-02-24T06:22:41,29,1,0,30
2025-02-24T06:54:13,29,1,0,30
2025-02-24T07:25:46,29,1,0,30
2025-02-24T07:57:16,29,1,0,30
2025-02-24T08:28:55,29,1,0,30
2025-02-24T09:00:25,29,1,0,30
2025-02-24T09:31:56,29,1,0,30
2025-02-24T10:03:37,29,1,0,30
2025-02-24T10:35:08,29,1,0,30
2025-02-24T11:06:51,30,0,0,30
2025-02-24T11:38:34,30,0,0,30
2025-02-24T12:10:14,30,0,0,30
2025-02-24T12:42:02,30,0,0,30
2025-02-24T13:13:48,30,0,0,30
2025-02-24T13:45:23,30,0,0,30
2025-02-24T14:17:07,30,0,0,30
2025-02-24T14:48:54,30,0,0,30
2025-02-24T15:20:39,30,0,0,30
2025-02-24T15:52:16,30,0,0,30
2025-02-24T16:24:03,30,0,0,30
2025-02-24T16:55:49,30,0,0,30
2025-02-24T17:27:26,30,0,0,30
2025-02-24T17:59:12,30,0,0,30
2025-02-24T18:30:48,30,0,0,30
2025-02-24T19:02:34,30,0,0,30
2025-02-24T19:34:09,30,0,0,30
2025-02-24T20:05:55,30,0,0,30
2025-02-24T20:37:30,30,0,0,30
2025-02-24T21:09:16,30,0,0,30
2025-02-24T21:40:55,30,0,0,30
2025-02-24T22:12:31,30,0,0,30
2025-02-24T22:44:17,30,0,0,30
2025-02-24T23:15:53,30,0,0,30
2025-02-24T23:47:29,30,0,0,30
2025-02-25T00:19:18,30,0,0,30
2025-02-25T00:50:58,30,0,0,30
2025-02-25T01:22:45,30,0,0,30
2025-02-25T01:54:25,30,0,0,30
2025-02-25T02:26:16,30,0,0,30
2025-02-25T02:57:53,30,0,0,30
2025-02-25T03:29:30,30,0,0,30
2025-02-25T04:01:08,30,0,0,30
2025-02-25T04:39:46,30,0,0,30
2025-02-25T05:11:31,30,0,0,30
2025-02-25T05:43:12,30,0,0,30
2025-02-25T06:14:53,30,0,0,30
2025-02-25T06:46:33,30,0,0,30
2025-02-25T07:18:16,30,0,0,30
2025-02-25T07:49:54,30,0,0,30
2025-02-25T08:21:45,30,0,0,30
2025-02-25T08:53:22,30,0,0,30
2025-02-25T09:25:00,30,0,0,30
2025-02-25T09:56:49,30,0,0,30
2025-02-25T10:28:26,30,0,0,30
2025-02-25T11:00:21,30,0,0,30
2025-02-25T11:32:08,30,0,0,30
2025-02-25T12:03:56,30,0,0,30
2025-02-25T12:35:51,30,0,0,30
2025-02-25T13:07:29,30,0,0,30
2025-02-25T13:39:15,30,0,0,30
2025-02-25T14:11:12,30,0,0,30
2025-02-25T14:43:00,30,0,0,30
2025-02-25T15:14:57,30,0,0,30
2025-02-25T15:46:37,30,0,0,30
2025-02-25T16:18:30,30,0,0,30
2025-02-25T16:50:24,30,0,0,30
2025-02-25T17:22:25,30,0,0,30
2025-02-25T17:54:06,30,0,0,30
2025-02-25T18:25:58,30,0,0,30
2025-02-25T18:57:38,30,0,0,30
2025-02-25T19:29:28,30,0,0,30
2025-02-25T20:01:07,30,0,0,30
2025-02-25T20:32:59,30,0,0,30
2025-02-25T21:04:38,30,0,0,30
2025-02-25T21:36:35,30,0,0,30
2025-02-25T22:08:15,30,0,0,30
2025-02-25T22:40:06,30,0,0,30
2025-02-25T23:11:48,30,0,0,30
2025-02-25T23:43:40,30,0,0,30
2025-02-26T00:15:20,30,0,0,30
2025-02-26T00:47:03,30,0,0,30
2025-02-26T01:18:58,30,0,0,30
2025-02-26T01:50:44,30,0,0,30
2025-02-26T02:22:31,30,0,0,30
2025-02-26T02:54:17,30,0,0,30
2025-02-26T03:26:01,30,0,0,30
2025-02-26T03:57:45,30,0,0,30
2025-02-26T04:49:41,30,0,0,30
2025-02-26T05:21:30,30,0,0,30
2025-02-26T05:53:22,30,0,0,30
2025-02-26T06:25:06,30,0,0,30
2025-02-26T06:56:49,30,0,0,30
2025-02-26T07:28:30,30,0,0,30
2025-02-26T08:00:10,30,0,0,30
2025-02-26T08:31:59,30,0,0,30
2025-02-26T09:03:42,30,0,0,30
2025-02-26T09:35:24,30,0,0,30
2025-02-26T10:07:17,30,0,0,30
2025-02-26T10:39:00,30,0,0,30
2025-02-26T11:10:53,30,0,0,30
2025-02-26T11:42:44,30,0,0,30
2025-02-26T12:14:37,30,0,0,30
2025-02-26T12:46:24,30,0,0,30
2025-02-26T13:18:18,30,0,0,30
2025-02-26T13:50:10,30,0,0,30
2025-02-26T14:22:04,30,0,0,30
2025-02-26T14:53:47,30,0,0,30
2025-02-26T15:25:45,30,0,0,30
2025-02-26T15:57:43,30,0,0,30
2025-02-26T16:29:33,30,0,0,30
2025-02-26T17:01:29,30,0,0,30
2025-02-26T17:33:28,30,0,0,30
2025-02-26T18:05:25,30,0,0,30
2025-02-26T18:37:09,30,0,0,30
2025-02-26T19:09:01,30,0,0,30
2025-02-26T19:40:43,30,0,0,30
2025-02-26T20:12:36,30,0,0,30
2025-02-26T20:44:17,30,0,0,30
2025-02-26T21:16:12,30,0,0,30
2025-02-26T21:47:56,30,0,0,30
2025-02-26T22:19:49,30,0,0,30
2025-02-26T22:51:31,30,0,0,30
2025-02-26T23:23:25,30,0,0,30
2025-02-26T23:55:07,30,0,0,30
2025-02-27T00:26:52,30,0,0,30
2025-02-27T00:58:48,30,0,0,30
2025-02-27T01:30:34,30,0,0,30
2025-02-27T02:02:23,30,0,0,30
2025-02-27T02:34:06,30,0,0,30
2025-02-27T03:05:49,30,0,0,30
2025-02-27T03:37:43,30,0,0,30
2025-02-27T04:09:30,30,0,0,30
2025-02-27T04:45:59,30,0,0,30
2025-02-27T05:19:32,30,0,0,30
2025-02-27T05:51:22,30,0,0,30
2025-02-27T06:23:11,30,0,0,30
2025-02-27T06:54:58,30,0,0,30
2025-02-27T07:26:52,30,0,0,30
2025-02-27T07:58:37,30,0,0,30
2025-02-27T08:30:20,30,0,0,30
2025-02-27T09:02:03,30,0,0,30
2025-02-27T09:33:57,30,0,0,30
2025-02-27T10:05:42,30,0,0,30
2025-02-27T10:37:37,30,0,0,30
2025-02-27T11:09:33,30,0,0,30
2025-02-27T11:41:29,30,0,0,30
2025-02-27T12:13:25,30,0,0,30
2025-02-27T12:45:15,30,0,0,30
2025-02-27T13:17:09,30,0,0,30
2025-02-27T13:49:06,30,0,0,30
2025-02-27T14:21:05,30,0,0,30
2025-02-27T14:53:07,30,0,0,30
2025-02-27T15:24:57,30,0,0,30
2025-02-27T15:56:57,30,0,0,30
2025-02-27T16:29:00,30,0,0,30
2025-02-27T17:00:52,30,0,0,30
2025-02-27T17:32:54,30,0,0,30
2025-02-27T18:04:54,30,0,0,30
2025-02-27T18:36:53,30,0,0,30
2025-02-27T19:08:41,30,0,0,30
2025-02-27T19:40:39,30,0,0,30
2025-02-27T20:12:27,30,0,0,30
2025-02-27T20:44:26,30,0,0,30
2025-02-27T21:16:24,30,0,0,30
2025-02-27T21:48:12,30,0,0,30
2025-02-27T22:20:01,30,0,0,30
2025-02-27T22:52:01,30,0,0,30
2025-02-27T23:23:50,30,0,0,30
2025-02-27T23:55:50,30,0,0,30
2025-02-28T00:27:41,30,0,0,30
2025-02-28T00:59:32,30,0,0,30
2025-02-28T01:31:25,30,0,0,30
2025-02-28T02:03:29,30,0,0,30
2025-02-28T02:35:19,30,0,0,30
2025-02-28T03:07:09,30,0,0,30
2025-02-28T03:38:59,30,0,0,30
2025-02-28T04:12:58,30,0,0,30
2025-02-28T04:49:34,30,0,0,30
2025-02-28T05:21:28,30,0,0,30
2025-02-28T05:53:24,30,0,0,30
2025-02-28T06:25:19,30,0,0,30
2025-02-28T06:57:10,30,0,0,30
2025-02-28T07:29:01,30,0,0,30
2025-02-28T08:01:02,30,0,0,30
2025-02-28T08:32:52,30,0,0,30
2025-02-28T09:04:42,30,0,0,30
2025-02-28T09:36:43,30,0,0,30
2025-02-28T10:08:34,30,0,0,30
2025-02-28T10:40:35,30,0,0,30
2025-02-28T11:12:29,30,0,0,30
2025-02-28T11:44:30,30,0,0,30
2025-02-28T12:16:33,30,0,0,30
2025-02-28T12:48:35,30,0,0,30
2025-02-28T13:20:38,30,0,0,30
2025-02-28T13:52:31,30,0,0,30
2025-02-28T14:24:35,30,0,0,30
2025-02-28T14:56:36,30,0,0,30
2025-02-28T15:28:43,30,0,0,30
2025-02-28T16:30:29,30,0,0,30
2025-02-28T17:02:33,30,0,0,30
2025-02-28T17:34:24,30,0,0,30
2025-02-28T18:06:26,30,0,0,30
2025-02-28T18:38:15,30,0,0,30
2025-02-28T19:10:13,30,0,0,30
2025-02-28T19:42:02,30,0,0,30
2025-02-28T20:13:59,30,0,0,30
2025-02-28T20:45:48,30,0,0,30
2025-02-28T21:17:38,30,0,0,30
2025-02-28T21:49:36,30,0,0,30
2025-02-28T22:21:25,30,0,0,30
2025-02-28T22:53:22,30,0,0,30
2025-02-28T23:25:13,30,0,0,30
2025-02-28T23:57:04,30,0,0,30
2025-03-01T00:29:12,30,0,0,30
2025-03-01T01:01:09,30,0,0,30
2025-03-01T01:33:02,30,0,0,30
2025-03-01T02:04:56,30,0,0,30
2025-03-01T02:36:46,30,0,0,30
2025-03-01T03:08:36,30,0,0,30
2025-03-01T03:40:36,30,0,0,30
2025-03-01T04:15:01,30,0,0,30
2025-03-01T04:49:37,30,0,0,30
2025-03-01T05:21:32,30,0,0,30
2025-03-01T05:53:27,30,0,0,30
2025-03-01T06:25:21,30,0,0,30
2025-03-01T06:57:16,30,0,0,30
2025-03-01T07:29:13,30,0,0,30
2025-03-01T08:01:15,30,0,0,30
2025-03-01T08:33:12,30,0,0,30
2025-03-01T09:05:01,30,0,0,30
2025-03-01T09:36:52,30,0,0,30
2025-03-01T10:08:50,30,0,0,30
2025-03-01T10:40:40,30,0,0,30
2025-03-01T11:12:30,30,0,0,30
2025-03-01T11:44:29,30,0,0,30
2025-03-01T12:16:18,30,0,0,30
2025-03-01T12:48:17,30,0,0,30
2025-03-01T13:20:07,30,0,0,30
2025-03-01T13:51:55,30,0,0,30
2025-03-01T14:23:53,30,0,0,30
2025-03-01T14:55:41,30,0,0,30
2025-03-01T15:27:31,30,0,0,30
2025-03-01T15:59:28,30,0,0,30
2025-03-01T16:31:17,30,0,0,30
2025-03-01T17:03:07,30,0,0,30
2025-03-01T17:35:05,30,0,0,30
2025-03-01T18:06:54,30,0,0,30
2025-03-01T18:38:43,30,0,0,30
2025-03-01T19:10:41,30,0,0,30
2025-03-01T19:42:29,30,0,0,30
2025-03-01T20:14:18,30,0,0,30
2025-03-01T20:46:06,30,0,0,30
2025-03-01T21:17:55,30,0,0,30
2025-03-01T21:49:52,30,0,0,30
2025-03-01T22:21:42,30,0,0,30
2025-03-01T22:53:31,30,0,0,30
2025-03-01T23:25:23,30,0,0,30
2025-03-01T23:57:12,30,0,0,30
2025-03-02T00:29:13,30,0,0,30
2025-03-02T01:01:08,30,0,0,30
2025-03-02T01:32:59,30,0,0,30
2025-03-02T02:04:53,30,0,0,30
2025-03-02T02:36:50,30,0,0,30
2025-03-02T03:08:42,30,0,0,30
2025-03-02T03:40:36,30,0,0,30
2025-03-02T04:46:31,30,0,0,30
2025-03-02T05:18:27,30,0,0,30
2025-03-02T05:50:21,30,0,0,30
2025-03-02T06:22:16,30,0,0,30
2025-03-02T06:54:12,30,0,0,30
2025-03-02T07:26:03,30,0,0,30
2025-03-02T07:57:55,30,0,0,30
2025-03-02T08:29:48,30,0,0,30
2025-03-02T09:01:48,30,0,0,30
2025-03-02T09:33:42,30,0,0,30
2025-03-02T10:05:34,30,0,0,30
2025-03-02T10:37:28,30,0,0,30
2025-03-02T11:09:28,30,0,0,30
2025-03-02T11:41:21,30,0,0,30
2025-03-02T12:13:11,30,0,0,30
2025-03-02T12:45:01,30,0,0,30
2025-03-02T13:16:50,30,0,0,30
2025-03-02T13:48:49,30,0,0,30
2025-03-02T14:20:38,30,0,0,30
2025-03-02T14:52:28,30,0,0,30
2025-03-02T15:24:29,30,0,0,30
2025-03-02T15:56:19,30,0,0,30
2025-03-02T16:28:08,30,0,0,30
2025-03-02T17:00:07,30,0,0,30
2025-03-02T17:31:59,30,0,0,30
2025-03-02T18:03:48,30,0,0,30
2025-03-02T18:35:37,30,0,0,30
2025-03-02T19:07:35,30,0,0,30
2025-03-02T19:39:23,30,0,0,30
2025-03-02T20:11:12,30,0,0,30
2025-03-02T20:43:10,30,0,0,30
2025-03-02T21:15:02,30,0,0,30
2025-03-02T21:46:57,30,0,0,30
2025-03-02T22:18:46,30,0,0,30
2025-03-02T22:50:45,30,0,0,30
2025-03-02T23:22:35,30,0,0,30
2025-03-02T23:54:24,30,0,0,30
2025-03-03T00:26:27,30,0,0,30
2025-03-03T00:58:18,30,0,0,30
2025-03-03T01:30:09,30,0,0,30
2025-03-03T02:02:00,30,0,0,30
2025-03-03T02:33:53,30,0,0,30
2025-03-03T03:05:48,30,0,0,30
2025-03-03T03:37:51,30,0,0,30
2025-03-03T04:09:53,30,0,0,30
2025-03-03T04:50:30,30,0,0,30
2025-03-03T05:22:26,30,0,0,30
2025-03-03T05:54:26,30,0,0,30
2025-03-03T06:26:19,30,0,0,30
2025-03-03T06:58:18,30,0,0,30
2025-03-03T07:30:13,30,0,0,30
2025-03-03T08:02:03,30,0,0,30
2025-03-03T08:34:04,30,0,0,30
2025-03-03T09:05:54,30,0,0,30
2025-03-03T09:37:46,30,0,0,30
2025-03-03T10:09:46,30,0,0,30
2025-03-03T10:41:36,30,0,0,30
2025-03-03T11:13:35,30,0,0,30
2025-03-03T11:45:26,30,0,0,30
2025-03-03T12:17:35,30,0,0,30
2025-03-03T12:49:41,30,0,0,30
2025-03-03T13:21:32,30,0,0,30
2025-03-03T13:53:32,30,0,0,30
2025-03-03T14:25:25,30,0,0,30
2025-03-03T14:57:30,30,0,0,30
2025-03-03T15:29:33,30,0,0,30
2025-03-03T16:01:23,30,0,0,30
2025-03-03T16:33:23,30,0,0,30
2025-03-03T17:05:14,30,0,0,30
2025-03-03T17:37:06,30,0,0,30
2025-03-03T18:09:06,30,0,0,30
2025-03-03T18:40:56,30,0,0,30
2025-03-03T19:12:57,30,0,0,30
2025-03-03T19:44:47,30,0,0,30
2025-03-03T20:16:37,30,0,0,30
2025-03-03T20:48:37,30,0,0,30
2025-03-03T21:20:27,30,0,0,30
2025-03-03T21:52:18,30,0,0,30
2025-03-03T22:24:07,30,0,0,30
2025-03-03T22:56:10,30,0,0,30
2025-03-03T23:28:01,30,0,0,30
2025-03-04T00:00:02,30,0,0,30
2025-03-04T00:31:56,30,0,0,30
2025-03-04T01:03:52,30,0,0,30
2025-03-04T01:35:45,30,0,0,30
2025-03-04T02:07:43,30,0,0,30
2025-03-04T02:39:36,30,0,0,30
2025-03-04T03:11:38,30,0,0,30
2025-03-04T03:43:29,30,0,0,30
2025-03-04T04:44:32,30,0,0,30
2025-03-04T05:16:31,30,0,0,30
2025-03-04T05:48:26,30,0,0,30
2025-03-04T06:20:20,30,0,0,30
2025-03-04T06:52:15,30,0,0,30
2025-03-04T07:24:10,30,0,0,30
2025-03-04T07:56:01,30,0,0,30
2025-03-04T08:28:02,30,0,0,30
2025-03-04T08:59:54,30,0,0,30
2025-03-04T09:31:46,30,0,0,30
2025-03-04T10:03:51,30,0,0,30
2025-03-04T10:35:47,30,0,0,30
2025-03-04T11:07:42,30,0,0,30
2025-03-04T11:39:51,30,0,0,30
2025-03-04T12:11:59,30,0,0,30
2025-03-04T12:43:52,30,0,0,30
2025-03-04T13:15:57,30,0,0,30
2025-03-04T13:47:50,30,0,0,30
2025-03-04T14:19:55,30,0,0,30
2025-03-04T14:51:50,30,0,0,30
2025-03-04T15:23:54,30,0,0,30
2025-03-04T15:55:48,30,0,0,30
2025-03-04T16:27:50,30,0,0,30
2025-03-04T16:59:42,30,0,0,30
2025-03-04T17:31:47,30,0,0,30
2025-03-04T18:03:38,30,0,0,30
2025-03-04T18:35:42,30,0,0,30
2025-03-04T19:07:33,30,0,0,30
2025-03-04T19:39:35,30,0,0,30
2025-03-04T20:11:27,30,0,0,30
2025-03-04T20:43:28,30,0,0,30
2025-03-04T21:15:21,30,0,0,30
2025-03-04T21:47:15,30,0,0,30
2025-03-04T22:19:09,30,0,0,30
2025-03-04T22:51:13,30,0,0,30
2025-03-04T23:23:06,30,0,0,30
2025-03-04T23:54:58,30,0,0,30
2025-03-05T00:27:03,30,0,0,30
2025-03-05T00:59:00,30,0,0,30
2025-03-05T01:30:56,30,0,0,30
2025-03-05T02:03:00,30,0,0,30
2025-03-05T02:34:56,30,0,0,30
2025-03-05T03:06:51,30,0,0,30
2025-03-05T03:38:46,30,0,0,30
2025-03-05T04:45:54,30,0,0,30
2025-03-05T05:17:57,30,0,0,30
2025-03-05T05:49:58,30,0,0,30
2025-03-05T06:21:55,30,0,0,30
2025-03-05T06:53:51,30,0,0,30
2025-03-05T07:25:46,30,0,0,30
2025-03-05T07:57:40,30,0,0,30
2025-03-05T08:29:44,30,0,0,30
2025-03-05T09:01:38,30,0,0,30
2025-03-05T09:33:31,30,0,0,30
2025-03-05T10:05:26,30,0,0,30
2025-03-05T10:37:30,30,0,0,30
2025-03-05T11:09:37,30,0,0,30
2025-03-05T11:41:32,30,0,0,30
2025-03-05T12:13:36,30,0,0,30
2025-03-05T12:45:31,30,0,0,30
2025-03-05T13:17:34,30,0,0,30
2025-03-05T13:49:28,30,0,0,30
2025-03-05T14:21:34,30,0,0,30
2025-03-05T14:53:36,30,0,0,30
2025-03-05T15:25:42,30,0,0,30
2025-03-05T15:57:49,30,0,0,30
2025-03-05T16:29:47,30,0,0,30
2025-03-05T17:01:53,30,0,0,30
2025-03-05T17:33:49,30,0,0,30
2025-03-05T18:05:44,30,0,0,30
2025-03-05T18:37:50,30,0,0,30
2025-03-05T19:09:45,30,0,0,30
2025-03-05T19:41:39,30,0,0,30
2025-03-05T20:13:45,30,0,0,30
2025-03-05T20:45:46,30,0,0,30
2025-03-05T21:17:41,30,0,0,30
2025-03-05T21:49:35,30,0,0,30
2025-03-05T22:21:40,30,0,0,30
2025-03-05T22:53:35,30,0,0,30
2025-03-05T23:25:32,30,0,0,30
2025-03-05T23:57:27,30,0,0,30
2025-03-06T00:29:34,30,0,0,30
2025-03-06T01:01:35,30,0,0,30
2025-03-06T01:33:34,30,0,0,30
2025-03-06T02:05:34,30,0,0,30
2025-03-06T02:37:31,30,0,0,30
2025-03-06T03:09:26,30,0,0,30
2025-03-06T03:41:23,30,0,0,30
2025-03-06T04:46:21,30,0,0,30
2025-03-06T05:18:27,30,0,0,30
2025-03-06T05:50:30,30,0,0,30
2025-03-06T06:22:33,30,0,0,30
2025-03-06T06:54:33,30,0,0,30
2025-03-06T07:26:34,30,0,0,30
2025-03-06T07:58:41,30,0,0,30
2025-03-06T08:30:38,30,0,0,30
2025-03-06T09:02:35,30,0,0,30
2025-03-06T09:34:34,30,0,0,30
2025-03-06T10:06:31,30,0,0,30
2025-03-06T10:38:39,30,0,0,30
2025-03-06T11:10:38,30,0,0,30
2025-03-06T11:42:46,30,0,0,30
2025-03-06T12:14:45,30,0,0,30
2025-03-06T12:46:51,30,0,0,30
2025-03-06T13:18:49,30,0,0,30
2025-03-06T13:50:44,30,0,0,30
2025-03-06T14:23:09,30,0,0,30
2025-03-06T14:55:10,30,0,0,30
2025-03-06T15:27:25,30,0,0,30
2025-03-06T15:59:38,30,0,0,30
2025-03-06T16:32:01,30,0,0,30
2025-03-06T17:04:14,30,0,0,30
2025-03-06T17:36:35,30,0,0,30
2025-03-06T18:08:51,30,0,0,30
2025-03-06T18:41:07,30,0,0,30
2025-03-06T19:13:19,30,0,0,30
2025-03-06T19:45:41,30,0,0,30
2025-03-06T20:17:53,30,0,0,30
2025-03-06T20:50:06,30,0,0,30
2025-03-06T21:22:30,30,0,0,30
2025-03-06T21:54:44,30,0,0,30
2025-03-06T22:26:57,30,0,0,30
2025-03-06T22:59:13,30,0,0,30
2025-03-06T23:31:38,30,0,0,30
2025-03-07T00:03:51,30,0,0,30
2025-03-07T00:36:09,30,0,0,30
2025-03-07T01:08:29,30,0,0,30
2025-03-07T01:40:48,30,0,0,30
2025-03-07T02:13:15,30,0,0,30
2025-03-07T02:45:33,30,0,0,30
2025-03-07T03:17:53,30,0,0,30
2025-03-07T03:50:12,30,0,0,30
2025-03-07T04:42:46,30,0,0,30
2025-03-07T05:15:06,30,0,0,30
2025-03-07T05:47:29,30,0,0,30
2025-03-07T06:19:58,30,0,0,30
2025-03-07T06:52:16,30,0,0,30
2025-03-07T07:24:41,30,0,0,30
2025-03-07T07:56:55,30,0,0,30
2025-03-07T08:29:09,30,0,0,30
2025-03-07T09:01:30,30,0,0,30
2025-03-07T09:33:44,30,0,0,30
2025-03-07T10:05:58,30,0,0,30
2025-03-07T10:38:28,30,0,0,30
2025-03-07T11:10:42,30,0,0,30
2025-03-07T11:43:08,30,0,0,30
2025-03-07T12:15:21,30,0,0,30
2025-03-07T12:47:36,30,0,0,30
2025-03-07T13:20:00,30,0,0,30
2025-03-07T13:52:14,30,0,0,30
2025-03-07T14:24:30,30,0,0,30
2025-03-07T14:56:58,30,0,0,30
2025-03-07T15:29:14,30,0,0,30
2025-03-07T16:01:30,30,0,0,30
2025-03-07T16:33:57,30,0,0,30
2025-03-07T17:06:14,30,0,0,30
2025-03-07T17:38:30,30,0,0,30
2025-03-07T18:10:58,30,0,0,30
2025-03-07T18:43:13,30,0,0,30
2025-03-07T19:15:28,30,0,0,30
2025-03-07T19:47:51,30,0,0,30
2025-03-07T20:20:07,30,0,0,30
2025-03-07T20:52:21,30,0,0,30
2025-03-07T21:24:36,30,0,0,30
2025-03-07T21:57:00,30,0,0,30
2025-03-07T22:29:16,30,0,0,30
2025-03-07T23:01:33,30,0,0,30
2025-03-07T23:33:51,30,0,0,30
2025-03-08T00:06:25,30,0,0,30
2025-03-08T00:38:46,30,0,0,30
2025-03-08T01:11:05,30,0,0,30
2025-03-08T01:43:24,30,0,0,30
2025-03-08T02:15:40,30,0,0,30
2025-03-08T02:47:56,30,0,0,30
2025-03-08T03:20:13,30,0,0,30
2025-03-08T03:52:31,30,0,0,30
2025-03-08T04:46:48,30,0,0,30
2025-03-08T05:19:10,30,0,0,30
2025-03-08T05:51:30,30,0,0,30
2025-03-08T06:23:49,30,0,0,30
2025-03-08T06:56:07,30,0,0,30
2025-03-08T07:28:29,30,0,0,30
2025-03-08T08:00:47,30,0,0,30
2025-03-08T08:33:17,30,0,0,30
2025-03-08T09:05:36,30,0,0,30
2025-03-08T09:37:55,30,0,0,30
2025-03-08T10:10:10,30,0,0,30
2025-03-08T10:42:26,30,0,0,30
2025-03-08T11:14:43,30,0,0,30
2025-03-08T11:47:09,30,0,0,30
2025-03-08T12:19:25,30,0,0,30
2025-03-08T12:51:40,30,0,0,30
2025-03-08T13:23:55,30,0,0,30
2025-03-08T13:56:10,30,0,0,30
2025-03-08T14:28:35,30,0,0,30
2025-03-08T15:00:50,30,0,0,30
2025-03-08T15:33:06,30,0,0,30
2025-03-08T16:05:21,30,0,0,30
2025-03-08T16:37:45,30,0,0,30
2025-03-08T17:10:00,30,0,0,30
2025-03-08T17:42:17,30,0,0,30
2025-03-08T18:14:33,30,0,0,30
2025-03-08T18:46:48,30,0,0,30
2025-03-08T19:19:13,30,0,0,30
2025-03-08T19:51:28,30,0,0,30
2025-03-08T20:23:43,30,0,0,30
2025-03-08T20:55:58,30,0,0,30
2025-03-08T21:28:14,30,0,0,30
2025-03-08T22:00:38,30,0,0,30
2025-03-08T22:32:53,30,0,0,30
2025-03-08T23:05:11,30,0,0,30
2025-03-08T23:37:28,30,0,0,30
2025-03-09T00:09:45,30,0,0,30
2025-03-09T00:42:13,30,0,0,30
2025-03-09T01:14:29,30,0,0,30
2025-03-09T01:46:46,30,0,0,30
2025-03-09T03:19:01,30,0,0,30
2025-03-09T03:51:18,30,0,0,30
2025-03-09T04:49:37,30,0,0,30
2025-03-09T05:21:59,30,0,0,30
2025-03-09T05:54:22,30,0,0,30
2025-03-09T06:26:45,30,0,0,30
2025-03-09T06:59:07,30,0,0,30
2025-03-09T07:31:28,30,0,0,30
2025-03-09T08:03:48,30,0,0,30
2025-03-09T08:36:08,30,0,0,30
2025-03-09T09:08:27,30,0,0,30
2025-03-09T09:40:54,30,0,0,30
2025-03-09T10:13:15,30,0,0,30
2025-03-09T10:45:35,30,0,0,30
2025-03-09T11:17:55,30,0,0,30
2025-03-09T11:50:13,30,0,0,30
2025-03-09T12:22:40,30,0,0,30
2025-03-09T12:54:55,30,0,0,30
2025-03-09T13:27:12,30,0,0,30
2025-03-09T13:59:27,30,0,0,30
2025-03-09T14:31:42,30,0,0,30
2025-03-09T15:03:57,30,0,0,30
2025-03-09T15:36:21,30,0,0,30
2025-03-09T16:08:36,30,0,0,30
2025-03-09T16:40:51,30,0,0,30
2025-03-09T17:13:17,30,0,0,30
2025-03-09T17:45:32,30,0,0,30
2025-03-09T18:17:48,30,0,0,30
2025-03-09T18:50:08,30,0,0,30
2025-03-09T19:22:36,30,0,0,30
2025-03-09T19:54:55,30,0,0,30
2025-03-09T20:27:11,30,0,0,30
2025-03-09T20:59:26,30,0,0,30
2025-03-09T21:31:50,30,0,0,30
2025-03-09T22:04:07,30,0,0,30
2025-03-09T22:36:26,30,0,0,30
2025-03-09T23:08:51,30,0,0,30
2025-03-09T23:41:18,30,0,0,30
2025-03-10T00:13:34,30,0,0,30
2025-03-10T00:45:51,30,0,0,30
2025-03-10T01:18:13,30,0,0,30
2025-03-10T01:50:32,30,0,0,30
2025-03-10T02:23:00,30,0,0,30
2025-03-10T02:55:18,30,0,0,30
2025-03-10T03:27:36,30,0,0,30
2025-03-10T03:59:57,30,0,0,30
2025-03-10T04:51:50,30,0,0,30
2025-03-10T05:24:12,30,0,0,30
2025-03-10T05:56:34,30,0,0,30
2025-03-10T06:29:01,30,0,0,30
2025-03-10T07:01:22,30,0,0,30
2025-03-10T07:33:39,30,0,0,30
2025-03-10T08:05:55,30,0,0,30
2025-03-10T08:38:21,30,0,0,30
2025-03-10T09:10:57,30,0,0,30
2025-03-10T09:43:14,30,0,0,30
2025-03-10T10:15:33,30,0,0,30
2025-03-10T10:48:01,30,0,0,30
2025-03-10T11:20:24,30,0,0,30
2025-03-10T11:52:43,30,0,0,30
2025-03-10T12:25:13,30,0,0,30
2025-03-10T12:57:40,30,0,0,30
2025-03-10T13:29:58,30,0,0,30
2025-03-10T14:02:15,30,0,0,30
2025-03-10T14:34:45,30,0,0,30
2025-03-10T15:07:02,30,0,0,30
2025-03-10T15:39:32,30,0,0,30
2025-03-10T16:11:50,30,0,0,30
2025-03-10T16:44:17,30,0,0,30
2025-03-10T17:16:34,30,0,0,30
2025-03-10T17:49:02,30,0,0,30
2025-03-10T18:21:19,30,0,0,30
2025-03-10T18:53:36,30,0,0,30
2025-03-10T19:26:03,30,0,0,30
2025-03-10T19:58:20,30,0,0,30
2025-03-10T20:30:36,30,0,0,30
2025-03-10T21:03:03,30,0,0,30
2025-03-10T21:35:20,30,0,0,30
2025-03-10T22:07:37,30,0,0,30
2025-03-10T22:40:05,30,0,0,30
2025-03-10T23:12:25,30,0,0,30
2025-03-10T23:44:46,30,0,0,30
2025-03-11T00:17:16,30,0,0,30
2025-03-11T00:49:43,30,0,0,30
2025-03-11T01:22:05,30,0,0,30
2025-03-11T01:54:25,30,0,0,30
2025-03-11T02:26:44,30,0,0,30
2025-03-11T02:59:14,30,0,0,30
2025-03-11T03:31:33,30,0,0,30
2025-03-11T04:03:55,30,0,0,30
2025-03-11T04:44:30,30,0,0,30
2025-03-11T05:16:54,30,0,0,30
2025-03-11T05:49:18,30,0,0,30
2025-03-11T06:21:41,30,0,0,30
2025-03-11T06:54:03,30,0,0,30
2025-03-11T07:26:24,30,0,0,30
2025-03-11T07:58:47,30,0,0,30
2025-03-11T08:31:16,30,0,0,30
2025-03-11T09:03:33,30,0,0,30
2025-03-11T09:35:51,30,0,0,30
2025-03-11T10:08:09,30,0,0,30
2025-03-11T10:40:38,30,0,0,30
2025-03-11T11:12:55,30,0,0,30
2025-03-11T11:45:15,30,0,0,30
2025-03-11T12:17:42,30,0,0,30
2025-03-11T12:50:01,30,0,0,30
2025-03-11T13:22:31,30,0,0,30
2025-03-11T13:54:51,30,0,0,30
2025-03-11T14:27:08,30,0,0,30
2025-03-11T14:59:37,30,0,0,30
2025-03-11T15:32:06,30,0,0,30
2025-03-11T16:04:25,30,0,0,30
2025-03-11T16:36:43,30,0,0,30
2025-03-11T17:09:12,30,0,0,30
2025-03-11T17:41:31,30,0,0,30
2025-03-11T18:13:59,30,0,0,30
2025-03-11T18:46:17,30,0,0,30
2025-03-11T19:18:35,30,0,0,30
2025-03-11T19:50:53,30,0,0,30
2025-03-11T20:23:21,30,0,0,30
2025-03-11T20:55:39,30,0,0,30
2025-03-11T21:27:57,30,0,0,30
2025-03-11T22:00:23,30,0,0,30
2025-03-11T22:32:42,30,0,0,30
2025-03-11T23:05:02,30,0,0,30
2025-03-11T23:37:36,30,0,0,30
2025-03-12T00:10:43,30,0,0,30
2025-03-12T00:43:08,30,0,0,30
2025-03-12T01:15:34,30,0,0,30
2025-03-12T01:47:57,30,0,0,30
2025-03-12T02:20:29,30,0,0,30
2025-03-12T02:52:51,30,0,0,30
2025-03-12T03:25:12,30,0,0,30
2025-03-12T03:57:37,30,0,0,30
2025-03-12T04:43:57,30,0,0,30
2025-03-12T05:16:21,30,0,0,30
2025-03-12T05:48:44,30,0,0,30
2025-03-12T06:21:07,30,0,0,30
2025-03-12T06:53:31,30,0,0,30
2025-03-12T07:25:53,30,0,0,30
2025-03-12T07:58:13,30,0,0,30
2025-03-12T08:30:31,30,0,0,30
2025-03-12T09:02:52,30,0,0,30
2025-03-12T09:35:19,30,0,0,30
2025-03-12T10:07:37,30,0,0,30
2025-03-12T10:39:54,30,0,0,30
2025-03-12T11:12:26,30,0,0,30
2025-03-12T11:44:45,30,0,0,30
2025-03-12T12:17:04,30,0,0,30
2025-03-12T12:49:34,30,0,0,30
2025-03-12T13:21:53,30,0,0,30
2025-03-12T13:54:29,30,0,0,30
2025-03-12T14:26:50,30,0,0,30
2025-03-12T14:59:22,30,0,0,30
2025-03-12T15:31:42,30,0,0,30
2025-03-12T16:04:12,30,0,0,30
2025-03-12T16:36:32,30,0,0,30
2025-03-12T17:08:54,30,0,0,30
2025-03-12T17:41:24,30,0,0,30
2025-03-12T18:13:43,30,0,0,30
2025-03-12T18:46:04,30,0,0,30
2025-03-12T19:18:37,30,0,0,30
2025-03-12T19:50:57,30,0,0,30
2025-03-12T20:23:17,30,0,0,30
2025-03-12T20:55:46,30,0,0,30
2025-03-12T21:28:05,30,0,0,30
2025-03-12T22:00:24,30,0,0,30
2025-03-12T22:32:44,30,0,0,30
2025-03-12T23:05:16,30,0,0,30
2025-03-12T23:37:40,30,0,0,30
2025-03-13T00:10:00,30,0,0,30
2025-03-13T00:42:26,30,0,0,30
2025-03-13T01:14:53,30,0,0,30
2025-03-13T01:47:27,30,0,0,30
2025-03-13T02:19:50,30,0,0,30
2025-03-13T02:52:10,30,0,0,30
2025-03-13T03:24:32,30,0,0,30
2025-03-13T03:56:56,30,0,0,30
2025-03-13T04:51:51,30,0,0,30
2025-03-13T05:24:17,30,0,0,30
2025-03-13T05:56:43,30,0,0,30
2025-03-13T06:29:07,30,0,0,30
2025-03-13T07:01:34,30,0,0,30
2025-03-13T07:33:57,30,0,0,30
2025-03-13T08:06:18,30,0,0,30
2025-03-13T08:38:41,30,0,0,30
2025-03-13T09:11:10,30,0,0,30
2025-03-13T09:43:29,30,0,0,30
2025-03-13T10:15:50,30,0,0,30
2025-03-13T10:48:10,30,0,0,30
2025-03-13T11:20:42,30,0,0,30
2025-03-13T11:53:03,30,0,0,30
2025-03-13T12:25:23,30,0,0,30
2025-03-13T12:57:54,30,0,0,30
2025-03-13T13:30:16,30,0,0,30
2025-03-13T14:02:37,30,0,0,30
2025-03-13T14:35:09,30,0,0,30
2025-03-13T15:07:29,30,0,0,30
2025-03-13T15:40:00,30,0,0,30
2025-03-13T16:12:20,30,0,0,30
2025-03-13T16:44:50,30,0,0,30
2025-03-13T17:17:11,30,0,0,30
2025-03-13T17:49:43,30,0,0,30
2025-03-13T18:22:04,30,0,0,30
2025-03-13T18:54:25,30,0,0,30
2025-03-13T19:26:56,30,0,0,30
2025-03-13T19:59:15,30,0,0,30
2025-03-13T20:31:35,30,0,0,30
2025-03-13T21:03:55,30,0,0,30
2025-03-13T21:36:25,30,0,0,30
2025-03-13T22:08:46,30,0,0,30
2025-03-13T22:41:06,30,0,0,30
2025-03-13T23:13:36,30,0,0,30
2025-03-13T23:45:57,30,0,0,30
2025-03-14T00:18:21,30,0,0,30
2025-03-14T00:50:47,30,0,0,30
2025-03-14T01:23:23,30,0,0,30
2025-03-14T01:55:48,30,0,0,30
2025-03-14T02:28:13,30,0,0,30
2025-03-14T03:00:40,30,0,0,30
2025-03-14T03:33:03,30,0,0,30
2025-03-14T04:05:30,30,0,0,30
2025-03-14T04:51:06,30,0,0,30
2025-03-14T05:23:35,30,0,0,30
2025-03-14T05:56:03,30,0,0,30
2025-03-14T06:28:28,30,0,0,30
2025-03-14T07:00:53,30,0,0,30
2025-03-14T07:33:16,30,0,0,30
2025-03-14T08:05:36,30,0,0,30
2025-03-14T08:37:57,30,0,0,30
2025-03-14T09:10:27,30,0,0,30
2025-03-14T09:42:47,30,0,0,30
2025-03-14T10:15:07,30,0,0,30
2025-03-14T10:47:28,30,0,0,30
2025-03-14T11:20:01,30,0,0,30
2025-03-14T11:52:21,30,0,0,30
2025-03-14T12:24:42,30,0,0,30
2025-03-14T12:57:12,30,0,0,30
2025-03-14T13:29:44,30,0,0,30
2025-03-14T14:02:07,30,0,0,30
2025-03-14T14:34:27,30,0,0,30
2025-03-14T15:06:59,30,0,0,30
2025-03-14T15:39:21,30,0,0,30
2025-03-14T16:11:55,30,0,0,30
2025-03-14T16:44:17,30,0,0,30
2025-03-14T17:16:50,30,0,0,30
2025-03-14T17:49:11,30,0,0,30
2025-03-14T18:21:33,30,0,0,30
2025-03-14T18:54:04,30,0,0,30
2025-03-14T19:26:26,30,0,0,30
2025-03-14T19:58:48,30,0,0,30
2025-03-14T20:31:20,30,0,0,30
2025-03-14T21:03:42,30,0,0,30
2025-03-14T21:36:03,30,0,0,30
2025-03-14T22:08:35,30,0,0,30
2025-03-14T22:40:57,30,0,0,30
2025-03-14T23:13:21,30,0,0,30
2025-03-14T23:45:56,30,0,0,30
2025-03-15T00:18:21,30,0,0,30
2025-03-15T00:50:47,30,0,0,30
2025-03-15T01:23:12,30,0,0,30
2025-03-15T01:55:38,30,0,0,30
2025-03-15T02:28:12,30,0,0,30
2025-03-15T03:00:33,30,0,0,30
2025-03-15T03:32:56,30,0,0,30
2025-03-15T04:05:21,30,0,0,30
2025-03-15T04:55:58,30,0,0,30
2025-03-15T05:28:26,30,0,0,30
2025-03-15T06:00:54,30,0,0,30
2025-03-15T06:33:21,30,0,0,30
2025-03-15T07:05:46,30,0,0,30
2025-03-15T07:38:20,30,0,0,30
2025-03-15T08:10:45,30,0,0,30
2025-03-15T08:43:13,30,0,0,30
2025-03-15T09:15:40,30,0,0,30
2025-03-15T09:48:22,30,0,0,30
2025-03-15T10:20:44,30,0,0,30
2025-03-15T10:53:06,30,0,0,30
2025-03-15T11:25:28,30,0,0,30
2025-03-15T11:57:50,30,0,0,30
2025-03-15T12:30:24,30,0,0,30
2025-03-15T13:02:47,30,0,0,30
2025-03-15T13:35:08,30,0,0,30
2025-03-15T14:07:48,30,0,0,30
2025-03-15T14:40:10,30,0,0,30
2025-03-15T15:12:32,30,0,0,30
2025-03-15T15:45:06,30,0,0,30
2025-03-15T16:17:27,30,0,0,30
2025-03-15T16:49:49,30,0,0,30
2025-03-15T17:22:20,30,0,0,30
2025-03-15T17:54:42,30,0,0,30
2025-03-15T18:27:03,30,0,0,30
2025-03-15T18:59:25,30,0,0,30
2025-03-15T19:32:03,30,0,0,30
2025-03-15T20:04:25,30,0,0,30
2025-03-15T20:36:46,30,0,0,30
2025-03-15T21:09:07,30,0,0,30
2025-03-15T21:41:37,30,0,0,30
2025-03-15T22:13:59,30,0,0,30
2025-03-15T22:46:22,30,0,0,30
2025-03-15T23:18:47,30,0,0,30
2025-03-15T23:51:28,30,0,0,30
2025-03-16T00:23:50,30,0,0,30
2025-03-16T01:08:25,30,0,0,30
2025-03-16T01:40:52,30,0,0,30
2025-03-16T02:13:45,30,0,0,30
2025-03-16T02:46:11,30,0,0,30
2025-03-16T03:18:38,30,0,0,30
2025-03-16T03:51:04,30,0,0,30
2025-03-16T04:45:31,30,0,0,30
2025-03-16T05:17:59,30,0,0,30
2025-03-16T05:50:27,30,0,0,30
2025-03-16T06:22:54,30,0,0,30
2025-03-16T06:55:22,30,0,0,30
2025-03-16T07:27:44,30,0,0,30
2025-03-16T08:00:13,30,0,0,30
2025-03-16T08:32:37,30,0,0,30
2025-03-16T09:05:02,30,0,0,30
2025-03-16T09:37:26,30,0,0,30
2025-03-16T10:09:48,30,0,0,30
2025-03-16T10:42:10,30,0,0,30
2025-03-16T11:14:34,30,0,0,30
2025-03-16T11:47:09,30,0,0,30
2025-03-16T12:19:37,30,0,0,30
2025-03-16T12:51:59,30,0,0,30
2025-03-16T13:24:20,30,0,0,30
2025-03-16T13:56:51,30,0,0,30
2025-03-16T14:29:12,30,0,0,30
2025-03-16T15:01:33,30,0,0,30
2025-03-16T15:34:04,30,0,0,30
2025-03-16T16:06:26,30,0,0,30
2025-03-16T16:38:47,30,0,0,30
2025-03-16T17:11:09,30,0,0,30
2025-03-16T17:43:39,30,0,0,30
2025-03-16T18:16:00,30,0,0,30
2025-03-16T18:48:22,30,0,0,30
2025-03-16T19:20:52,30,0,0,30
2025-03-16T19:53:14,30,0,0,30
2025-03-16T20:25:36,30,0,0,30
2025-03-16T20:58:01,30,0,0,30
2025-03-16T21:30:36,30,0,0,30
2025-03-16T22:03:01,30,0,0,30
2025-03-16T22:35:28,30,0,0,30
2025-03-16T23:08:03,30,0,0,30
2025-03-16T23:40:28,30,0,0,30
2025-03-17T00:12:53,30,0,0,30
2025-03-17T00:45:28,30,0,0,30
2025-03-17T01:18:06,30,0,0,30
2025-03-17T01:50:36,30,0,0,30
2025-03-17T02:23:12,30,0,0,30
2025-03-17T02:55:38,30,0,0,30
2025-03-17T03:28:03,30,0,0,30
2025-03-17T04:00:29,30,0,0,30
2025-03-17T04:50:56,30,0,0,30
2025-03-17T05:23:25,30,0,0,30
2025-03-17T05:55:53,30,0,0,30
2025-03-17T06:28:21,30,0,0,30
2025-03-17T07:00:50,30,0,0,30
2025-03-17T07:33:13,30,0,0,30
2025-03-17T08:05:46,30,0,0,30
2025-03-17T08:38:11,30,0,0,30
2025-03-17T09:10:33,30,0,0,30
2025-03-17T09:42:56,30,0,0,30
2025-03-17T10:15:30,30,0,0,30
2025-03-17T10:47:53,30,0,0,30
2025-03-17T11:20:17,30,0,0,30
2025-03-17T11:52:53,30,0,0,30
2025-03-17T12:25:43,30,0,0,30
2025-03-17T12:58:07,30,0,0,30
2025-03-17T13:30:32,30,0,0,30
2025-03-17T14:03:11,30,0,0,30
2025-03-17T14:35:46,30,0,0,30
2025-03-17T15:08:11,30,0,0,30
2025-03-17T15:40:49,30,0,0,30
2025-03-17T16:13:13,30,0,0,30
2025-03-17T16:45:47,30,0,0,30
2025-03-17T17:18:13,30,0,0,30
2025-03-17T17:50:37,30,0,0,30
2025-03-17T18:23:11,30,0,0,30
2025-03-17T18:55:35,30,0,0,30
2025-03-17T19:28:11,30,0,0,30
2025-03-17T20:00:35,30,0,0,30
2025-03-17T20:32:59,30,0,0,30
2025-03-17T21:05:22,30,0,0,30
2025-03-17T21:37:55,30,0,0,30
2025-03-17T22:10:19,30,0,0,30
2025-03-17T22:42:44,30,0,0,30
2025-03-17T23:15:23,30,0,0,30
2025-03-17T23:47:48,30,0,0,30
2025-03-18T00:20:13,30,0,0,30
2025-03-18T00:52:55,30,0,0,30
2025-03-18T01:25:26,30,0,0,30
2025-03-18T01:57:53,30,0,0,30
2025-03-18T02:30:18,30,0,0,30
2025-03-18T03:02:45,30,0,0,30
2025-03-18T03:35:11,30,0,0,30
2025-03-18T04:07:38,30,0,0,30
2025-03-18T04:44:18,30,0,0,30
2025-03-18T05:16:48,30,0,0,30
2025-03-18T05:49:18,30,0,0,30
2025-03-18T06:21:45,30,0,0,30
2025-03-18T06:54:16,30,0,0,30
2025-03-18T07:26:44,30,0,0,30
2025-03-18T07:59:30,30,0,0,30
2025-03-18T08:31:56,30,0,0,30
2025-03-18T09:04:23,30,0,0,30
2025-03-18T09:36:48,30,0,0,30
2025-03-18T10:09:23,30,0,0,30
2025-03-18T10:41:46,30,0,0,30
2025-03-18T11:14:20,30,0,0,30
2025-03-18T11:47:02,30,0,0,30
2025-03-18T12:19:56,30,0,0,30
2025-03-18T12:52:34,30,0,0,30
2025-03-18T13:25:08,30,0,0,30
2025-03-18T13:57:52,30,0,0,30
2025-03-18T14:30:27,30,0,0,30
2025-03-18T15:03:05,30,0,0,30
2025-03-18T15:35:41,30,0,0,30
2025-03-18T16:08:16,30,0,0,30
2025-03-18T16:40:40,30,0,0,30
2025-03-18T17:13:07,30,0,0,30
2025-03-18T17:45:51,30,0,0,30
2025-03-18T18:18:16,30,0,0,30
2025-03-18T18:50:43,30,0,0,30
2025-03-18T19:23:18,30,0,0,30
2025-03-18T19:55:44,30,0,0,30
2025-03-18T20:28:13,30,0,0,30
2025-03-18T21:00:50,30,0,0,30
2025-03-18T21:33:16,30,0,0,30
2025-03-18T22:05:43,30,0,0,30
2025-03-18T22:38:36,30,0,0,30
2025-03-18T23:11:02,30,0,0,30
2025-03-18T23:43:28,30,0,0,30
2025-03-19T00:16:06,30,0,0,30
2025-03-19T00:48:37,30,0,0,30
2025-03-19T01:21:08,30,0,0,30
2025-03-19T01:53:37,30,0,0,30
2025-03-19T02:26:21,30,0,0,30
2025-03-19T02:58:49,30,0,0,30
2025-03-19T03:31:18,30,0,0,30
2025-03-19T04:03:53,30,0,0,30
2025-03-19T04:44:34,30,0,0,30
2025-03-19T05:17:07,30,0,0,30
2025-03-19T05:49:38,30,0,0,30
2025-03-19T06:22:08,30,0,0,30
2025-03-19T06:54:40,30,0,0,30
2025-03-19T07:27:10,30,0,0,30
2025-03-19T07:59:36,30,0,0,30
2025-03-19T08:32:14,30,0,0,30
2025-03-19T09:04:41,30,0,0,30
2025-03-19T09:37:09,30,0,0,30
2025-03-19T10:09:49,30,0,0,30
2025-03-19T10:42:18,30,0,0,30
2025-03-19T11:14:48,30,0,0,30
2025-03-19T11:47:28,30,0,0,30
2025-03-19T12:19:55,30,0,0,30
2025-03-19T12:52:32,30,0,0,30
2025-03-19T13:25:00,30,0,0,30
2025-03-19T13:57:28,30,0,0,30
2025-03-19T14:30:09,30,0,0,30
2025-03-19T15:02:39,30,0,0,30
2025-03-19T15:35:17,30,0,0,30
2025-03-19T16:07:49,30,0,0,30
2025-03-19T16:40:23,30,0,0,30
2025-03-19T17:13:08,30,0,0,30
2025-03-19T17:45:34,30,0,0,30
2025-03-19T18:18:02,30,0,0,30
2025-03-19T18:50:38,30,0,0,30
2025-03-19T19:23:05,30,0,0,30
2025-03-19T19:55:32,30,0,0,30
2025-03-19T20:28:09,30,0,0,30
2025-03-19T21:00:38,30,0,0,30
2025-03-19T21:33:06,30,0,0,30
2025-03-19T22:05:47,30,0,0,30
2025-03-19T22:38:14,30,0,0,30
2025-03-19T23:10:47,30,0,0,30
2025-03-19T23:43:28,30,0,0,30
2025-03-20T00:15:57,30,0,0,30
2025-03-20T00:48:34,30,0,0,30
2025-03-20T01:21:05,30,0,0,30
2025-03-20T01:53:44,30,0,0,30
2025-03-20T02:26:14,30,0,0,30
2025-03-20T02:58:43,30,0,0,30
2025-03-20T03:31:11,30,0,0,30
2025-03-20T04:03:43,30,0,0,30
2025-03-20T04:41:19,30,0,0,30
2025-03-20T05:14:13,30,0,0,30
2025-03-20T05:46:45,30,0,0,30
2025-03-20T06:19:16,30,0,0,30
2025-03-20T06:51:50,30,0,0,30
2025-03-20T07:24:21,30,0,0,30
2025-03-20T07:56:48,30,0,0,30
2025-03-20T08:29:27,30,0,0,30
2025-03-20T09:01:56,30,0,0,30
2025-03-20T09:34:24,30,0,0,30
2025-03-20T10:07:03,30,0,0,30
2025-03-20T10:39:31,30,0,0,30
2025-03-20T11:12:11,30,0,0,30
2025-03-20T11:44:42,30,0,0,30
2025-03-20T12:17:13,30,0,0,30
2025-03-20T12:49:56,30,0,0,30
2025-03-20T13:22:25,30,0,0,30
2025-03-20T13:55:07,30,0,0,30
2025-03-20T14:27:51,30,0,0,30
2025-03-20T15:00:32,30,0,0,30
2025-03-20T15:33:02,30,0,0,30
2025-03-20T16:05:44,30,0,0,30
2025-03-20T16:38:13,30,0,0,30
2025-03-20T17:10:51,30,0,0,30
2025-03-20T17:43:20,30,0,0,30
2025-03-20T18:15:59,30,0,0,30
2025-03-20T18:48:27,30,0,0,30
2025-03-20T19:20:55,30,0,0,30
2025-03-20T19:53:32,30,0,0,30
2025-03-20T20:26:00,30,0,0,30
2025-03-20T20:58:30,30,0,0,30
2025-03-20T21:31:12,30,0,0,30
2025-03-20T22:03:41,30,0,0,30
2025-03-20T22:36:11,30,0,0,30
2025-03-20T23:08:52,30,0,0,30
2025-03-20T23:41:21,30,0,0,30
2025-03-21T00:14:03,30,0,0,30
2025-03-21T00:46:35,30,0,0,30
2025-03-21T01:19:09,30,0,0,30
2025-03-21T01:51:44,30,0,0,30
2025-03-21T02:24:16,30,0,0,30
2025-03-21T02:57:04,30,0,0,30
2025-03-21T03:29:56,30,0,0,30
2025-03-21T04:02:39,30,0,0,30
2025-03-21T04:39:54,30,0,0,30
2025-03-21T05:12:29,30,0,0,30
2025-03-21T05:45:02,30,0,0,30
2025-03-21T06:17:36,30,0,0,30
2025-03-21T06:50:14,30,0,0,30
2025-03-21T07:22:57,30,0,0,30
2025-03-21T07:55:28,30,0,0,30
2025-03-21T08:28:08,30,0,0,30
2025-03-21T09:00:39,30,0,0,30
2025-03-21T09:33:10,30,0,0,30
2025-03-21T10:05:51,30,0,0,30
2025-03-21T10:38:21,30,0,0,30
2025-03-21T11:10:52,30,0,0,30
2025-03-21T11:43:36,30,0,0,30
2025-03-21T12:16:08,30,0,0,30
2025-03-21T12:48:50,30,0,0,30
2025-03-21T13:21:22,30,0,0,30
2025-03-21T13:53:52,30,0,0,30
2025-03-21T14:26:34,30,0,0,30
2025-03-21T14:59:06,30,0,0,30
2025-03-21T15:31:48,30,0,0,30
2025-03-21T16:04:19,30,0,0,30
2025-03-21T16:36:50,30,0,0,30
2025-03-21T17:09:31,30,0,0,30
2025-03-21T17:42:02,30,0,0,30
2025-03-21T18:14:46,30,0,0,30
2025-03-21T18:47:18,30,0,0,30
2025-03-21T19:19:48,30,0,0,30
2025-03-21T19:52:19,30,0,0,30
2025-03-21T20:24:59,30,0,0,30
2025-03-21T20:57:29,30,0,0,30
2025-03-21T21:30:00,30,0,0,30
2025-03-21T22:02:43,30,0,0,30
2025-03-21T22:35:15,30,0,0,30
2025-03-21T23:07:50,30,0,0,30
2025-03-21T23:40:35,30,0,0,30
2025-03-22T00:13:08,30,0,0,30
2025-03-22T00:45:44,30,0,0,30
2025-03-22T01:18:30,30,0,0,30
2025-03-22T01:51:04,30,0,0,30
2025-03-22T02:23:36,30,0,0,30
2025-03-22T02:56:07,30,0,0,30
2025-03-22T03:28:40,30,0,0,30
2025-03-22T04:01:26,30,0,0,30
2025-03-22T20:50:35,30,0,0,30
2025-03-22T21:23:06,30,0,0,30
2025-03-22T21:55:40,30,0,0,30
2025-03-22T22:28:23,30,0,0,30
2025-03-22T23:00:58,30,0,0,30
2025-03-22T23:33:31,30,0,0,30
2025-03-23T00:06:14,30,0,0,30
2025-03-23T00:38:49,30,0,0,30
2025-03-23T01:11:25,30,0,0,30
2025-03-23T01:43:57,30,0,0,30
2025-03-23T02:16:40,30,0,0,30
2025-03-23T02:49:12,30,0,0,30
2025-03-23T03:21:52,30,0,0,30
2025-03-23T03:54:45,30,0,0,30
2025-03-23T04:47:22,30,0,0,30
2025-03-23T05:20:02,30,0,0,30
2025-03-23T05:52:40,30,0,0,30
2025-03-23T06:25:19,30,0,0,30
2025-03-23T06:57:55,30,0,0,30
2025-03-23T07:30:36,30,0,0,30
2025-03-23T08:03:13,30,0,0,30
2025-03-23T08:35:51,30,0,0,30
2025-03-23T09:08:37,30,0,0,30
2025-03-23T09:41:09,30,0,0,30
2025-03-23T10:13:44,30,0,0,30
2025-03-23T10:46:22,30,0,0,30
2025-03-23T11:19:09,30,0,0,30
2025-03-23T11:51:44,30,0,0,30
2025-03-23T12:24:19,30,0,0,30
2025-03-23T12:57:00,30,0,0,30
2025-03-23T13:29:32,30,0,0,30
2025-03-23T14:02:14,30,0,0,30
2025-03-23T14:35:20,30,0,0,30
2025-03-23T15:08:51,30,0,0,30
2025-03-23T15:41:58,30,0,0,30
2025-03-23T16:14:48,30,0,0,30
2025-03-23T16:47:47,30,0,0,30
2025-03-23T17:20:28,30,0,0,30
2025-03-23T17:53:00,30,0,0,30
2025-03-23T18:25:35,30,0,0,30
2025-03-23T18:58:18,30,0,0,30
2025-03-23T19:30:51,30,0,0,30
2025-03-23T20:03:36,30,0,0,30
2025-03-23T20:36:10,30,0,0,30
2025-03-23T21:08:44,30,0,0,30
2025-03-23T21:41:29,30,0,0,30
2025-03-23T22:14:07,30,0,0,30
2025-03-23T22:46:39,30,0,0,30
2025-03-23T23:19:23,30,0,0,30
2025-03-23T23:51:56,30,0,0,30
2025-03-24T00:24:35,30,0,0,30
2025-03-24T00:57:23,30,0,0,30
2025-03-24T01:30:00,30,0,0,30
2025-03-24T02:02:36,30,0,0,30
2025-03-24T02:35:12,30,0,0,30
2025-03-24T03:07:58,30,0,0,30
2025-03-24T03:40:33,30,0,0,30
2025-03-24T04:13:10,30,0,0,30
2025-03-24T04:52:17,30,0,0,30
2025-03-24T05:24:54,30,0,0,30
2025-03-24T05:57:31,30,0,0,30
2025-03-24T06:30:11,30,0,0,30
2025-03-24T07:02:52,30,0,0,30
2025-03-24T07:35:28,30,0,0,30
2025-03-24T08:08:15,30,0,0,30
2025-03-24T08:40:56,30,0,0,30
2025-03-24T09:13:31,30,0,0,30
2025-03-24T09:46:14,30,0,0,30
2025-03-24T10:18:48,30,0,0,30
2025-03-24T10:51:31,30,0,0,30
2025-03-24T11:24:04,30,0,0,30
2025-03-24T11:56:48,30,0,0,30
2025-03-24T12:29:36,30,0,0,30
2025-03-24T13:02:08,30,0,0,30
2025-03-24T13:34:51,30,0,0,30
2025-03-24T14:07:25,30,0,0,30
2025-03-24T14:40:08,30,0,0,30
2025-03-24T15:12:53,30,0,0,30
2025-03-24T15:45:40,30,0,0,30
2025-03-24T16:18:17,30,0,0,30
2025-03-24T16:51:01,30,0,0,30
2025-03-24T17:23:37,30,0,0,30
2025-03-24T17:56:23,30,0,0,30
2025-03-24T18:29:11,30,0,0,30
2025-03-24T19:01:43,30,0,0,30
2025-03-24T19:34:31,30,0,0,30
2025-03-24T20:07:06,30,0,0,30
2025-03-24T20:39:49,30,0,0,30
2025-03-24T21:12:26,30,0,0,30
2025-03-24T21:45:11,30,0,0,30
2025-03-24T22:17:48,30,0,0,30
2025-03-24T22:50:35,30,0,0,30
2025-03-24T23:23:10,30,0,0,30
2025-03-24T23:55:56,30,0,0,30
2025-03-25T00:28:39,30,0,0,30
2025-03-25T01:01:18,30,0,0,30
2025-03-25T01:34:06,30,0,0,30
2025-03-25T02:06:46,30,0,0,30
2025-03-25T02:39:23,30,0,0,30
2025-03-25T03:12:12,30,0,0,30
2025-03-25T03:44:48,30,0,0,30
2025-03-25T04:43:22,30,0,0,30
2025-03-25T05:16:24,30,0,0,30
2025-03-25T05:49:02,30,0,0,30
2025-03-25T06:21:37,30,0,0,30
2025-03-25T06:54:12,30,0,0,30
2025-03-25T07:26:59,30,0,0,30
2025-03-25T07:59:35,30,0,0,30
2025-03-25T08:32:14,30,0,0,30
2025-03-25T09:05:05,30,0,0,30
2025-03-25T09:37:40,30,0,0,30
2025-03-25T10:10:28,30,0,0,30
2025-03-25T10:43:08,30,0,0,30
2025-03-25T11:15:57,30,0,0,30
2025-03-25T11:48:43,30,0,0,30
2025-03-25T12:21:30,30,0,0,30
2025-03-25T12:54:14,30,0,0,30
2025-03-25T13:26:47,30,0,0,30
2025-03-25T13:59:32,30,0,0,30
2025-03-25T14:32:18,30,0,0,30
2025-03-25T15:05:08,30,0,0,30
2025-03-25T15:37:42,30,0,0,30
2025-03-25T16:10:39,30,0,0,30
2025-03-25T16:43:14,30,0,0,30
2025-03-25T17:16:00,30,0,0,30
2025-03-25T17:48:44,30,0,0,30
2025-03-25T18:21:16,30,0,0,30
2025-03-25T18:54:02,30,0,0,30
2025-03-25T19:26:47,30,0,0,30
2025-03-25T19:59:33,30,0,0,30
2025-03-25T20:32:07,30,0,0,30
2025-03-25T21:04:52,30,0,0,30
2025-03-25T21:37:25,30,0,0,30
2025-03-25T22:10:11,30,0,0,30
2025-03-25T22:42:57,30,0,0,30
2025-03-25T23:15:32,30,0,0,30
2025-03-25T23:48:20,30,0,0,30
2025-03-26T00:21:19,30,0,0,30
2025-03-26T00:54:13,30,0,0,30
2025-03-26T01:27:10,30,0,0,30
2025-03-26T01:59:53,30,0,0,30
2025-03-26T02:32:47,30,0,0,30
2025-03-26T03:05:38,30,0,0,30
2025-03-26T03:38:16,30,0,0,30
2025-03-26T04:11:04,30,0,0,30
2025-03-26T04:49:56,30,0,0,30
2025-03-26T05:22:37,30,0,0,30
2025-03-26T05:55:16,30,0,0,30
2025-03-26T06:28:00,30,0,0,30
2025-03-26T07:00:50,30,0,0,30
2025-03-26T07:33:30,30,0,0,30
2025-03-26T08:06:18,30,0,0,30
2025-03-26T08:38:59,30,0,0,30
2025-03-26T09:11:53,30,0,0,30
2025-03-26T09:44:34,30,0,0,30
2025-03-26T10:17:25,30,0,0,30
2025-03-26T10:50:20,30,0,0,30
2025-03-26T11:23:12,30,0,0,30
2025-03-26T11:55:48,30,0,0,30
2025-03-26T12:28:37,30,0,0,30
2025-03-26T13:01:27,30,0,0,30
2025-03-26T13:34:17,30,0,0,30
2025-03-26T14:06:55,30,0,0,30
2025-03-26T14:39:42,30,0,0,30
2025-03-26T15:12:33,30,0,0,30
2025-03-26T15:45:25,30,0,0,30
2025-03-26T16:18:02,30,0,0,30
2025-03-26T16:50:55,30,0,0,30
2025-03-26T17:23:33,30,0,0,30
2025-03-26T17:56:24,30,0,0,30
2025-03-26T18:29:14,30,0,0,30
2025-03-26T19:01:51,30,0,0,30
2025-03-26T19:34:43,30,0,0,30
2025-03-26T20:07:17,30,0,0,30
2025-03-26T20:40:04,30,0,0,30
2025-03-26T21:12:37,30,0,0,30
2025-03-26T21:45:25,30,0,0,30
2025-03-26T22:17:59,30,0,0,30
2025-03-26T22:50:34,30,0,0,30
2025-03-26T23:23:24,30,0,0,30
2025-03-26T23:55:58,30,0,0,30
2025-03-27T00:28:52,30,0,0,30
2025-03-27T01:01:31,30,0,0,30
2025-03-27T01:34:09,30,0,0,30
2025-03-27T02:06:46,30,0,0,30
2025-03-27T02:39:34,30,0,0,30
2025-03-27T03:12:09,30,0,0,30
2025-03-27T03:44:43,30,0,0,30
2025-03-27T04:40:53,30,0,0,30
2025-03-27T05:13:50,30,0,0,30
2025-03-27T05:46:30,30,0,0,30
2025-03-27T06:19:14,30,0,0,30
2025-03-27T06:51:55,30,0,0,30
2025-03-27T07:24:45,30,0,0,30
2025-03-27T07:57:23,30,0,0,30
2025-03-27T08:29:59,30,0,0,30
2025-03-27T09:02:39,30,0,0,30
2025-03-27T09:35:34,30,0,0,30
2025-03-27T10:08:17,30,0,0,30
2025-03-27T10:40:53,30,0,0,30
2025-03-27T11:13:39,30,0,0,30
2025-03-27T11:46:16,30,0,0,30
2025-03-27T12:19:01,30,0,0,30
2025-03-27T12:51:46,30,0,0,30
2025-03-27T13:24:20,30,0,0,30
2025-03-27T13:57:06,30,0,0,30
2025-03-27T14:29:40,30,0,0,30
2025-03-27T15:02:17,30,0,0,30
2025-03-27T15:35:02,30,0,0,30
2025-03-27T16:07:50,30,0,0,30
2025-03-27T16:40:23,30,0,0,30
2025-03-27T17:13:10,30,0,0,30
2025-03-27T17:45:43,30,0,0,30
2025-03-27T18:18:19,30,0,0,30
2025-03-27T18:51:05,30,0,0,30
2025-03-27T19:23:38,30,0,0,30
2025-03-27T19:56:26,30,0,0,30
2025-03-27T20:28:59,30,0,0,30
2025-03-27T21:01:32,30,0,0,30
2025-03-27T21:34:18,30,0,0,30
2025-03-27T22:06:50,30,0,0,30
2025-03-27T22:39:36,30,0,0,30
2025-03-27T23:12:14,30,0,0,30
2025-03-27T23:44:50,30,0,0,30
2025-03-28T00:17:39,30,0,0,30
2025-03-28T00:50:18,30,0,0,30
2025-03-28T01:23:03,30,0,0,30
2025-03-28T01:55:51,30,0,0,30
2025-03-28T02:28:30,30,0,0,30
2025-03-28T03:01:06,30,0,0,30
2025-03-28T03:33:46,30,0,0,30
2025-03-28T04:06:28,30,0,0,30
2025-03-28T04:41:52,30,0,0,30
2025-03-28T05:14:52,30,0,0,30
2025-03-28T05:47:32,30,0,0,30
2025-03-28T06:20:13,30,0,0,30
2025-03-28T06:52:51,30,0,0,30
2025-03-28T07:25:34,30,0,0,30
2025-03-28T07:58:19,30,0,0,30
2025-03-28T08:30:57,30,0,0,30
2025-03-28T09:03:34,30,0,0,30
2025-03-28T09:36:17,30,0,0,30
2025-03-28T10:08:52,30,0,0,30
2025-03-28T10:41:25,30,0,0,30
2025-03-28T11:14:07,30,0,0,30
2025-03-28T11:46:39,30,0,0,30
2025-03-28T12:19:27,30,0,0,30
2025-03-28T12:51:59,30,0,0,30
2025-03-28T13:24:40,30,0,0,30
2025-03-28T13:57:13,30,0,0,30
2025-03-28T14:29:48,30,0,0,30
2025-03-28T15:02:30,30,0,0,30
2025-03-28T15:35:14,30,0,0,30
2025-03-28T16:07:46,30,0,0,30
2025-03-28T16:40:19,30,0,0,30
2025-03-28T17:13:04,30,0,0,30
2025-03-28T17:45:38,30,0,0,30
2025-03-28T18:18:22,30,0,0,30
2025-03-28T18:50:55,30,0,0,30
2025-03-28T19:23:29,30,0,0,30
2025-03-28T19:56:12,30,0,0,30
2025-03-28T20:28:46,30,0,0,30
2025-03-28T21:01:19,30,0,0,30
2025-03-28T21:34:06,30,0,0,30
2025-03-28T22:06:39,30,0,0,30
2025-03-28T22:39:13,30,0,0,30
2025-03-28T23:12:00,30,0,0,30
2025-03-28T23:44:35,30,0,0,30
2025-03-29T00:17:12,30,0,0,30
2025-03-29T00:49:53,30,0,0,30
2025-03-29T01:22:41,30,0,0,30
2025-03-29T01:55:16,30,0,0,30
2025-03-29T02:27:53,30,0,0,30
2025-03-29T03:00:30,30,0,0,30
2025-03-29T03:33:06,30,0,0,30
2025-03-29T04:07:55,30,0,0,30
2025-03-29T04:41:21,30,0,0,30
2025-03-29T05:14:00,30,0,0,30
2025-03-29T05:46:38,30,0,0,30
2025-03-29T06:19:20,30,0,0,30
2025-03-29T06:51:58,30,0,0,30
2025-03-29T07:24:45,30,0,0,30
2025-03-29T07:57:20,30,0,0,30
2025-03-29T08:29:55,30,0,0,30
2025-03-29T09:02:29,30,0,0,30
2025-03-29T09:35:10,30,0,0,30
2025-03-29T10:07:42,30,0,0,30
2025-03-29T10:40:16,30,0,0,30
2025-03-29T11:12:56,30,0,0,30
2025-03-29T11:45:29,30,0,0,30
2025-03-29T12:18:01,30,0,0,30
2025-03-29T12:50:44,30,0,0,30
2025-03-29T13:23:16,30,0,0,30
2025-03-29T13:55:49,30,0,0,30
2025-03-29T14:28:30,30,0,0,30
2025-03-29T15:01:02,30,0,0,30
2025-03-29T15:33:48,30,0,0,30
2025-03-29T16:06:19,30,0,0,30
2025-03-29T16:39:00,30,0,0,30
2025-03-29T17:11:34,30,0,0,30
2025-03-29T17:44:08,30,0,0,30
2025-03-29T18:16:48,30,0,0,30
2025-03-29T18:49:20,30,0,0,30
2025-03-29T19:21:52,30,0,0,30
2025-03-29T19:54:34,30,0,0,30
2025-03-29T20:27:06,30,0,0,30
2025-03-29T20:59:37,30,0,0,30
2025-03-29T21:32:20,30,0,0,30
2025-03-29T22:04:51,30,0,0,30
2025-03-29T22:37:36,30,0,0,30
2025-03-29T23:10:09,30,0,0,30
2025-03-29T23:42:43,30,0,0,30
2025-03-30T00:15:28,30,0,0,30
2025-03-30T00:48:06,30,0,0,30
2025-03-30T01:20:41,30,0,0,30
2025-03-30T01:53:19,30,0,0,30
2025-03-30T02:26:14,30,0,0,30
2025-03-30T02:59:01,30,0,0,30
2025-03-30T03:31:38,30,0,0,30
2025-03-30T04:04:14,30,0,0,30
2025-03-30T04:50:08,30,0,0,30
2025-03-30T05:22:47,30,0,0,30
2025-03-30T05:55:24,30,0,0,30
2025-03-30T06:28:03,30,0,0,30
2025-03-30T07:00:42,30,0,0,30
2025-03-30T07:33:18,30,0,0,30
2025-03-30T08:05:51,30,0,0,30
2025-03-30T08:38:36,30,0,0,30
2025-03-30T09:11:12,30,0,0,30
2025-03-30T09:43:52,30,0,0,30
2025-03-30T10:16:29,30,0,0,30
2025-03-30T10:49:16,30,0,0,30
2025-03-30T11:21:49,30,0,0,30
2025-03-30T11:54:30,30,0,0,30
2025-03-30T12:27:14,30,0,0,30
2025-03-30T12:59:46,30,0,0,30
2025-03-30T13:32:30,30,0,0,30
2025-03-30T14:05:02,30,0,0,30
2025-03-30T14:37:46,30,0,0,30
2025-03-30T15:10:19,30,0,0,30
2025-03-30T15:43:02,30,0,0,30
2025-03-30T16:15:33,30,0,0,30
2025-03-30T16:48:18,30,0,0,30
2025-03-30T17:21:02,30,0,0,30
2025-03-30T17:53:35,30,0,0,30
2025-03-30T18:26:18,30,0,0,30
2025-03-30T18:59:06,30,0,0,30
2025-03-30T19:31:41,30,0,0,30
2025-03-30T20:04:25,30,0,0,30
2025-03-30T20:37:10,30,0,0,30
2025-03-30T21:09:54,30,0,0,30
2025-03-30T21:42:40,30,0,0,30
2025-03-30T22:15:25,30,0,0,30
2025-03-30T22:48:11,30,0,0,30
2025-03-30T23:20:58,30,0,0,30
2025-03-30T23:53:43,30,0,0,30
2025-03-31T00:26:31,30,0,0,30
2025-03-31T00:59:21,30,0,0,30
2025-03-31T01:32:11,30,0,0,30
2025-03-31T02:04:47,30,0,0,30
2025-03-31T02:37:25,30,0,0,30
2025-03-31T03:10:10,30,0,0,30
2025-03-31T03:42:46,30,0,0,30
2025-03-31T04:47:31,30,0,0,30
2025-03-31T05:20:29,30,0,0,30
2025-03-31T05:53:04,30,0,0,30
2025-03-31T06:25:40,30,0,0,30
2025-03-31T07:08:47,30,0,0,30
2025-03-31T07:41:26,30,0,0,30
2025-03-31T08:36:58,30,0,0,30
2025-03-31T09:09:48,30,0,0,30
2025-03-31T09:42:49,30,0,0,30
2025-03-31T10:15:39,30,0,0,30
2025-03-31T10:48:42,30,0,0,30
2025-03-31T11:21:46,30,0,0,30
2025-03-31T11:54:41,30,0,0,30
2025-03-31T12:27:46,30,0,0,30
2025-03-31T13:00:51,30,0,0,30
2025-03-31T13:33:45,30,0,0,30
2025-03-31T14:06:48,30,0,0,30
2025-03-31T14:39:43,30,0,0,30
2025-03-31T15:12:35,30,0,0,30
2025-03-31T15:45:40,30,0,0,30
2025-03-31T16:18:31,30,0,0,30
2025-03-31T16:51:24,30,0,0,30
2025-03-31T17:24:14,30,0,0,30
2025-03-31T17:57:03,30,0,0,30
2025-03-31T18:29:52,30,0,0,30
2025-03-31T19:02:40,30,0,0,30
2025-03-31T19:35:27,30,0,0,30
2025-03-31T20:08:04,30,0,0,30
2025-03-31T20:40:53,30,0,0,30
2025-03-31T21:13:41,30,0,0,30
2025-03-31T21:46:18,30,0,0,30
2025-03-31T22:19:09,30,0,0,30
2025-03-31T22:52:06,30,0,0,30
2025-03-31T23:25:01,30,0,0,30
2025-03-31T23:57:42,30,0,0,30
2025-04-01T00:30:34,30,0,0,30
2025-04-01T01:03:20,30,0,0,30
2025-04-01T01:36:05,30,0,0,30
2025-04-01T02:09:02,30,0,0,30
2025-04-01T02:41:43,30,0,0,30
2025-04-01T03:14:24,30,0,0,30
2025-04-01T03:47:10,30,0,0,30
2025-04-01T04:22:42,30,0,0,30
2025-04-01T04:56:41,30,0,0,30
2025-04-01T05:29:24,30,0,0,30
2025-04-01T06:02:07,30,0,0,30
2025-04-01T06:34:53,30,0,0,30
2025-04-01T07:07:38,30,0,0,30
2025-04-01T07:40:26,30,0,0,30
2025-04-01T08:13:09,30,0,0,30
2025-04-01T08:46:01,30,0,0,30
2025-04-01T09:18:54,30,0,0,30
2025-04-01T09:51:49,30,0,0,30
2025-04-01T10:24:44,30,0,0,30
2025-04-01T10:57:47,30,0,0,30
2025-04-01T11:30:44,30,0,0,30
2025-04-01T12:03:52,30,0,0,30
2025-04-01T12:36:45,30,0,0,30
2025-04-01T13:09:49,30,0,0,30
2025-04-01T13:42:53,30,0,0,30
2025-04-01T14:15:44,30,0,0,30
2025-04-01T14:48:36,30,0,0,30
2025-04-01T15:21:36,30,0,0,30
2025-04-01T15:54:28,30,0,0,30
2025-04-01T16:27:21,30,0,0,30
2025-04-01T17:00:13,30,0,0,30
2025-04-01T17:33:05,30,0,0,30
2025-04-01T18:05:55,30,0,0,30
2025-04-01T18:38:46,30,0,0,30
2025-04-01T19:11:37,30,0,0,30
2025-04-01T19:44:29,30,0,0,30
2025-04-01T20:17:07,30,0,0,30
2025-04-01T20:49:57,30,0,0,30
2025-04-01T21:22:48,30,0,0,30
2025-04-01T21:55:26,30,0,0,30
2025-04-01T22:28:15,30,0,0,30
2025-04-01T23:00:54,30,0,0,30
2025-04-01T23:33:48,30,0,0,30
2025-04-02T00:06:26,30,0,0,30
2025-04-02T00:39:22,30,0,0,30
2025-04-02T01:12:10,30,0,0,30
2025-04-02T01:44:53,30,0,0,30
2025-04-02T02:17:36,30,0,0,30
2025-04-02T02:50:30,30,0,0,30
2025-04-02T03:23:13,30,0,0,30
2025-04-02T03:55:55,30,0,0,30
2025-04-02T04:55:55,30,0,0,30
2025-04-02T05:28:41,30,0,0,30
2025-04-02T06:03:16,30,0,0,30
2025-04-02T06:36:05,30,0,0,30
2025-04-02T07:08:55,30,0,0,30
2025-04-02T07:41:38,30,0,0,30
2025-04-02T08:14:26,30,0,0,30
2025-04-02T08:47:11,30,0,0,30
2025-04-02T09:20:01,30,0,0,30
2025-04-02T09:52:41,30,0,0,30
2025-04-02T10:25:34,30,0,0,30
2025-04-02T10:58:26,30,0,0,30
2025-04-02T11:31:17,30,0,0,30
2025-04-05T12:02:40,30,0,0,30
2025-04-05T12:35:22,30,0,0,30
2025-04-05T13:08:13,30,0,0,30
2025-04-05T13:40:54,30,0,0,30
2025-04-05T14:13:35,30,0,0,30
2025-04-05T14:46:16,30,0,0,30
2025-04-05T15:18:58,30,0,0,30
2025-04-05T15:51:49,30,0,0,30
2025-04-05T16:24:31,30,0,0,30
2025-04-05T16:57:12,30,0,0,30
2025-04-05T17:30:05,30,0,0,30
2025-04-05T18:02:51,30,0,0,30
2025-04-05T18:35:35,30,0,0,30
2025-04-05T19:08:16,30,0,0,30
2025-04-05T19:41:07,30,0,0,30
2025-04-05T20:13:48,30,0,0,30
2025-04-05T20:46:29,30,0,0,30
2025-04-05T21:19:11,30,0,0,30
2025-04-05T21:52:02,30,0,0,30
2025-04-05T22:24:43,30,0,0,30
2025-04-05T22:57:26,30,0,0,30
2025-04-05T23:30:11,30,0,0,30
2025-04-06T00:02:52,30,0,0,30
2025-04-06T00:35:46,30,0,0,30
2025-04-06T01:08:33,30,0,0,30
2025-04-06T01:41:18,30,0,0,30
2025-04-06T02:14:18,30,0,0,30
2025-04-06T02:47:04,30,0,0,30
2025-04-06T03:19:50,30,0,0,30
2025-04-06T03:52:36,30,0,0,30
2025-04-06T04:50:25,30,0,0,30
2025-04-06T05:23:15,30,0,0,30
2025-04-06T05:56:04,30,0,0,30
2025-04-06T06:28:51,30,0,0,30
2025-04-06T07:01:35,30,0,0,30
2025-04-06T07:34:20,30,0,0,30
2025-04-06T08:07:03,30,0,0,30
2025-04-06T08:39:52,30,0,0,30
2025-04-06T09:12:55,30,0,0,30
2025-04-06T09:45:44,30,0,0,30
2025-04-06T10:18:28,30,0,0,30
2025-04-06T10:51:13,30,0,0,30
2025-04-06T11:23:57,30,0,0,30
2025-04-06T11:56:40,30,0,0,30
2025-04-06T12:29:32,30,0,0,30
2025-04-06T13:02:14,30,0,0,30
2025-04-06T13:34:56,30,0,0,30
2025-04-06T14:07:37,30,0,0,30
2025-04-06T14:40:26,30,0,0,30
2025-04-06T15:13:09,30,0,0,30
2025-04-06T15:46:02,30,0,0,30
2025-04-06T16:18:43,30,0,0,30
2025-04-06T16:51:24,30,0,0,30
2025-04-06T17:24:05,30,0,0,30
2025-04-06T17:56:54,30,0,0,30
2025-04-06T18:29:36,30,0,0,30
2025-04-06T19:02:20,30,0,0,30
2025-04-06T19:35:11,30,0,0,30
2025-04-06T20:07:52,30,0,0,30
2025-04-06T20:40:34,30,0,0,30
2025-04-06T21:47:14,30,0,0,30
2025-04-06T22:20:05,30,0,0,30
2025-04-06T22:52:46,30,0,0,30
2025-04-06T23:25:45,30,0,0,30
2025-04-06T23:58:29,30,0,0,30
2025-04-07T00:31:13,30,0,0,30
2025-04-07T01:04:06,30,0,0,30
2025-04-07T01:36:48,30,0,0,30
2025-04-07T02:09:34,30,0,0,30
2025-04-07T02:42:20,30,0,0,30
2025-04-07T03:15:10,30,0,0,30
2025-04-07T03:47:59,30,0,0,30
2025-04-07T04:39:24,30,0,0,30
2025-04-07T05:12:16,30,0,0,30
2025-04-07T05:45:05,30,0,0,30
2025-04-07T06:17:51,30,0,0,30
2025-04-07T06:50:38,30,0,0,30
2025-04-07T07:23:24,30,0,0,30
2025-04-07T08:17:21,30,0,0,30
2025-04-07T08:50:05,30,0,0,30
2025-04-07T09:22:54,30,0,0,30
2025-04-07T09:55:46,30,0,0,30
2025-04-07T10:28:29,30,0,0,30
2025-04-07T11:01:22,30,0,0,30
2025-04-07T11:34:05,30,0,0,30
2025-04-07T12:06:59,30,0,0,30
2025-04-07T12:39:53,30,0,0,30
2025-04-07T13:12:37,30,0,0,30
2025-04-07T13:45:32,30,0,0,30
2025-04-07T14:18:25,30,0,0,30
2025-04-07T14:51:08,30,0,0,30
2025-04-07T15:24:02,30,0,0,30
2025-04-07T15:56:47,30,0,0,30
2025-04-07T16:29:40,30,0,0,30
2025-04-07T17:02:24,30,0,0,30
2025-04-07T17:35:18,30,0,0,30
2025-04-07T18:08:01,30,0,0,30
2025-04-07T18:40:54,30,0,0,30
2025-04-07T19:13:37,30,0,0,30
2025-04-07T19:46:31,30,0,0,30
2025-04-07T20:19:14,30,0,0,30
2025-04-07T20:51:57,30,0,0,30
2025-04-07T21:24:51,30,0,0,30
2025-04-07T21:57:34,30,0,0,30
2025-04-07T22:30:31,30,0,0,30
2025-04-07T23:03:15,30,0,0,30
2025-04-07T23:36:13,30,0,0,30
2025-04-08T00:09:01,30,0,0,30
2025-04-08T00:41:52,30,0,0,30
2025-04-08T01:14:42,30,0,0,30
2025-04-08T01:47:31,30,0,0,30
2025-04-08T02:20:28,30,0,0,30
2025-04-08T02:53:17,30,0,0,30
2025-04-08T03:26:15,30,0,0,30
2025-04-08T03:59:05,30,0,0,30
2025-04-08T04:48:49,30,0,0,30
2025-04-08T05:21:40,30,0,0,30
2025-04-08T05:54:30,30,0,0,30
2025-04-08T06:27:23,30,0,0,30
2025-04-08T07:00:15,30,0,0,30
2025-04-08T07:33:04,30,0,0,30
2025-04-08T08:05:55,30,0,0,30
2025-04-08T08:38:53,30,0,0,30
2025-04-08T09:11:38,30,0,0,30
2025-04-08T09:44:21,30,0,0,30
2025-04-08T10:17:18,30,0,0,30
2025-04-08T10:50:03,30,0,0,30
2025-04-08T11:22:57,30,0,0,30
2025-04-08T11:56:15,30,0,0,30
2025-04-08T12:29:09,30,0,0,30
2025-04-08T13:01:53,30,0,0,30
2025-04-08T13:34:48,30,0,0,30
2025-04-08T14:07:44,30,0,0,30
2025-04-08T14:40:29,30,0,0,30
2025-04-08T15:13:24,30,0,0,30
2025-04-08T15:46:11,30,0,0,30
2025-04-08T16:19:05,30,0,0,30
2025-04-08T16:51:50,30,0,0,30
2025-04-08T17:24:47,30,0,0,30
2025-04-08T17:57:31,30,0,0,30
2025-04-08T18:30:26,30,0,0,30
2025-04-08T19:03:11,30,0,0,30
2025-04-08T19:36:04,30,0,0,30
2025-04-08T20:08:48,30,0,0,30
2025-04-08T20:41:32,30,0,0,30
2025-04-08T21:14:16,30,0,0,30
2025-04-08T21:47:10,30,0,0,30
2025-04-08T22:19:56,30,0,0,30
2025-04-08T22:52:50,30,0,0,30
2025-04-08T23:25:35,30,0,0,30
2025-04-08T23:58:22,30,0,0,30
2025-04-09T00:31:22,30,0,0,30
2025-04-09T01:04:12,30,0,0,30
2025-04-09T01:37:01,30,0,0,30
2025-04-09T02:09:50,30,0,0,30
2025-04-09T02:42:42,30,0,0,30
2025-04-09T03:15:51,30,0,0,30
2025-04-09T03:48:40,30,0,0,30
2025-04-09T04:49:06,30,0,0,30
2025-04-09T05:23:39,30,0,0,30
2025-04-09T05:56:30,30,0,0,30
2025-04-09T06:29:20,30,0,0,30
2025-04-09T07:02:09,30,0,0,30
2025-04-09T07:34:58,30,0,0,30
2025-04-09T08:07:43,30,0,0,30
2025-04-09T08:40:36,30,0,0,30
2025-04-09T09:13:21,30,0,0,30
2025-04-09T09:46:08,30,0,0,30
2025-04-09T10:19:04,30,0,0,30
2025-04-09T10:51:51,30,0,0,30
2025-04-09T11:24:45,30,0,0,30
2025-04-09T11:57:32,30,0,0,30
2025-04-09T12:30:35,30,0,0,30
2025-04-09T13:03:21,30,0,0,30
2025-04-09T13:36:19,30,0,0,30
2025-04-09T14:09:04,30,0,0,30
2025-04-09T14:42:01,30,0,0,30
2025-04-09T15:14:48,30,0,0,30
2025-04-09T15:47:47,30,0,0,30
2025-04-09T16:20:34,30,0,0,30
2025-04-09T16:53:30,30,0,0,30
2025-04-09T17:26:16,30,0,0,30
2025-04-09T17:59:16,30,0,0,30
2025-04-09T18:32:27,30,0,0,30
2025-04-09T19:05:14,30,0,0,30
2025-04-09T19:38:11,30,0,0,30
2025-04-09T20:10:59,30,0,0,30
2025-04-09T20:43:46,30,0,0,30
2025-04-09T21:16:43,30,0,0,30
2025-04-09T21:49:30,30,0,0,30
2025-04-09T22:22:17,30,0,0,30
2025-04-09T22:55:15,30,0,0,30
2025-04-09T23:28:03,30,0,0,30
2025-04-10T00:00:52,30,0,0,30
2025-04-10T00:33:55,30,0,0,30
2025-04-10T01:06:48,30,0,0,30
2025-04-10T01:39:41,30,0,0,30
2025-04-10T02:12:32,30,0,0,30
2025-04-10T02:45:24,30,0,0,30
2025-04-10T03:18:17,30,0,0,30
2025-04-10T03:51:07,30,0,0,30
2025-04-10T04:50:44,30,0,0,30
2025-04-10T05:23:37,30,0,0,30
2025-04-10T05:56:31,30,0,0,30
2025-04-10T06:29:23,30,0,0,30
2025-04-10T07:02:16,30,0,0,30
2025-04-10T07:35:06,30,0,0,30
2025-04-10T08:07:53,30,0,0,30
2025-04-10T08:40:49,30,0,0,30
2025-04-10T09:13:36,30,0,0,30
2025-04-10T09:46:24,30,0,0,30
2025-04-10T10:19:22,30,0,0,30
2025-04-10T10:52:10,30,0,0,30
2025-04-10T11:24:57,30,0,0,30
2025-04-10T11:57:57,30,0,0,30
2025-04-10T12:30:58,30,0,0,30
2025-04-10T13:03:47,30,0,0,30
2025-04-10T13:36:51,30,0,0,30
2025-04-10T14:09:46,30,0,0,30
2025-04-10T14:42:39,30,0,0,30
2025-04-10T15:15:41,30,0,0,30
2025-04-10T15:48:33,30,0,0,30
2025-04-10T16:21:33,30,0,0,30
2025-04-10T16:54:22,30,0,0,30
2025-04-10T17:27:24,30,0,0,30
2025-04-10T18:00:14,30,0,0,30
2025-04-10T18:33:15,30,0,0,30
2025-04-10T19:06:05,30,0,0,30
2025-04-10T19:38:55,30,0,0,30
2025-04-10T20:11:54,30,0,0,30
2025-04-10T20:44:44,30,0,0,30
2025-04-10T21:17:33,30,0,0,30
2025-04-10T21:50:33,30,0,0,30
2025-04-10T22:23:24,30,0,0,30
2025-04-10T22:56:16,30,0,0,30
2025-04-10T23:29:17,30,0,0,30
2025-04-11T00:02:07,30,0,0,30
2025-04-11T00:35:01,30,0,0,30
2025-04-11T01:07:56,30,0,0,30
2025-04-11T01:40:51,30,0,0,30
2025-04-11T02:13:55,30,0,0,30
2025-04-11T02:46:49,30,0,0,30
2025-04-11T03:20:08,30,0,0,30
2025-04-11T03:53:01,30,0,0,30
2025-04-11T04:39:33,30,0,0,30
2025-04-11T05:12:29,30,0,0,30
2025-04-11T05:45:26,30,0,0,30
2025-04-11T06:18:21,30,0,0,30
2025-04-11T06:51:19,30,0,0,30
2025-04-11T07:24:10,30,0,0,30
2025-04-11T07:57:02,30,0,0,30
2025-04-11T08:30:01,30,0,0,30
2025-04-11T09:02:50,30,0,0,30
2025-04-11T09:35:42,30,0,0,30
2025-04-11T10:08:43,30,0,0,30
2025-04-11T10:41:33,30,0,0,30
2025-04-11T11:14:34,30,0,0,30
2025-04-11T11:47:23,30,0,0,30
2025-04-11T12:20:22,30,0,0,30
2025-04-11T12:53:11,30,0,0,30
2025-04-11T13:26:10,30,0,0,30
2025-04-11T13:59:00,30,0,0,30
2025-04-11T14:32:00,30,0,0,30
2025-04-11T15:04:50,30,0,0,30
2025-04-11T15:37:42,30,0,0,30
2025-04-11T16:10:42,30,0,0,30
2025-04-11T16:43:34,30,0,0,30
2025-04-11T17:16:28,30,0,0,30
2025-04-11T17:49:30,30,0,0,30
2025-04-11T18:22:22,30,0,0,30
2025-04-11T18:55:15,30,0,0,30
2025-04-11T19:28:17,30,0,0,30
2025-04-11T20:01:11,30,0,0,30
2025-04-11T20:34:04,30,0,0,30
2025-04-11T21:06:56,30,0,0,30
2025-04-11T21:39:57,30,0,0,30
2025-04-11T22:12:48,30,0,0,30
2025-04-11T22:45:39,30,0,0,30
2025-04-11T23:18:32,30,0,0,30
2025-04-11T23:51:36,30,0,0,30
2025-04-12T00:24:33,30,0,0,30
2025-04-12T00:57:32,30,0,0,30
2025-04-12T01:30:30,30,0,0,30
2025-04-12T02:03:27,30,0,0,30
2025-04-12T02:36:21,30,0,0,30
2025-04-12T03:10:28,30,0,0,30
2025-04-12T03:43:25,30,0,0,30
2025-04-12T04:40:06,30,0,0,30
2025-04-12T05:13:06,30,0,0,30
2025-04-12T05:46:05,30,0,0,30
2025-04-12T06:19:05,30,0,0,30
2025-04-12T06:52:05,30,0,0,30
2025-04-12T07:25:06,30,0,0,30
2025-04-12T07:58:13,30,0,0,30
2025-04-12T08:31:11,30,0,0,30
2025-04-12T09:04:05,30,0,0,30
2025-04-12T09:36:58,30,0,0,30
2025-04-12T10:09:51,30,0,0,30
2025-04-12T10:42:53,30,0,0,30
2025-04-12T11:15:46,30,0,0,30
2025-04-12T11:48:38,30,0,0,30
2025-04-12T12:21:32,30,0,0,30
2025-04-12T12:54:26,30,0,0,30
2025-04-12T13:27:29,30,0,0,30
2025-04-12T14:00:21,30,0,0,30
2025-04-12T14:33:14,30,0,0,30
2025-04-12T15:06:06,30,0,0,30
2025-04-12T15:38:59,30,0,0,30
2025-04-12T16:11:52,30,0,0,30
2025-04-12T16:44:53,30,0,0,30
2025-04-12T17:17:46,30,0,0,30
2025-04-12T17:50:38,30,0,0,30
2025-04-12T18:23:31,30,0,0,30
2025-04-12T18:56:24,30,0,0,30
2025-04-12T19:29:17,30,0,0,30
2025-04-12T20:02:19,30,0,0,30
2025-04-12T20:35:12,30,0,0,30
2025-04-12T21:08:04,30,0,0,30
2025-04-12T21:40:57,30,0,0,30
2025-04-12T22:13:50,30,0,0,30
2025-04-12T22:46:42,30,0,0,30
2025-04-12T23:19:45,30,0,0,30
2025-04-12T23:52:38,30,0,0,30
2025-04-13T00:25:33,30,0,0,30
2025-04-13T00:58:29,30,0,0,30
2025-04-13T01:31:24,30,0,0,30
2025-04-13T02:04:17,30,0,0,30
2025-04-13T02:37:10,30,0,0,30
2025-04-13T03:10:06,30,0,0,30
2025-04-13T03:43:13,30,0,0,30
2025-04-13T04:42:24,30,0,0,30
2025-04-13T05:16:24,30,0,0,30
2025-04-13T05:49:26,30,0,0,30
2025-04-13T06:22:27,30,0,0,30
2025-04-13T06:55:26,30,0,0,30
2025-04-13T07:28:26,30,0,0,30
2025-04-13T08:01:25,30,0,0,30
2025-04-13T08:34:24,30,0,0,30
2025-04-13T09:07:24,30,0,0,30
2025-04-13T09:40:21,30,0,0,30
2025-04-13T10:13:27,30,0,0,30
2025-04-13T10:46:30,30,0,0,30
2025-04-13T11:19:30,30,0,0,30
2025-04-13T11:52:26,30,0,0,30
2025-04-13T12:25:19,30,0,0,30
2025-04-13T12:58:12,30,0,0,30
2025-04-13T13:31:15,30,0,0,30
2025-04-13T14:04:07,30,0,0,30
2025-04-13T14:37:00,30,0,0,30
2025-04-13T15:09:55,30,0,0,30
2025-04-13T15:42:58,30,0,0,30
2025-04-13T16:15:54,30,0,0,30
2025-04-13T16:48:46,30,0,0,30
2025-04-13T17:21:40,30,0,0,30
2025-04-13T17:54:34,30,0,0,30
2025-04-13T18:27:36,30,0,0,30
2025-04-13T19:00:29,30,0,0,30
2025-04-13T19:33:22,30,0,0,30
2025-04-13T20:06:15,30,0,0,30
2025-04-13T20:39:17,30,0,0,30
2025-04-13T21:12:10,30,0,0,30
2025-04-13T21:45:05,30,0,0,30
2025-04-13T22:17:58,30,0,0,30
2025-04-13T22:50:52,30,0,0,30
2025-04-13T23:23:58,30,0,0,30
2025-04-13T23:56:52,30,0,0,30
2025-04-14T00:29:49,30,0,0,30
2025-04-14T01:02:50,30,0,0,30
2025-04-14T01:35:50,30,0,0,30
2025-04-14T02:08:56,30,0,0,30
2025-04-14T02:41:52,30,0,0,30
2025-04-14T03:14:48,30,0,0,30
2025-04-14T03:47:44,30,0,0,30
2025-04-14T04:47:49,30,0,0,30
2025-04-14T05:21:06,30,0,0,30
2025-04-14T05:54:04,30,0,0,30
2025-04-14T06:26:59,30,0,0,30
2025-04-14T07:00:01,30,0,0,30
2025-04-14T07:32:59,30,0,0,30
2025-04-14T08:05:59,30,0,0,30
2025-04-14T08:38:55,30,0,0,30
2025-04-14T09:11:58,30,0,0,30
2025-04-14T09:44:54,30,0,0,30
2025-04-14T10:17:46,30,0,0,30
2025-04-14T10:50:52,30,0,0,30
2025-04-14T11:23:46,30,0,0,30
2025-04-14T11:56:40,30,0,0,30
2025-04-14T12:29:43,30,0,0,30
2025-04-14T13:02:48,30,0,0,30
2025-04-14T13:35:42,30,0,0,30
2025-04-14T14:08:48,30,0,0,30
2025-04-14T14:41:46,30,0,0,30
2025-04-14T15:14:42,30,0,0,30
2025-04-14T15:47:51,30,0,0,30
2025-04-14T16:20:56,30,0,0,30
2025-04-14T16:53:51,30,0,0,30
2025-04-14T17:26:46,30,0,0,30
2025-04-14T17:59:49,30,0,0,30
2025-04-14T18:32:44,30,0,0,30
2025-04-14T19:05:38,30,0,0,30
2025-04-14T19:38:42,30,0,0,30
2025-04-14T20:11:38,30,0,0,30
2025-04-14T20:44:31,30,0,0,30
2025-04-14T21:17:36,30,0,0,30
2025-04-14T21:50:31,30,0,0,30
2025-04-14T22:23:26,30,0,0,30
2025-04-14T22:56:20,30,0,0,30
2025-04-14T23:29:27,30,0,0,30
2025-04-15T00:02:22,30,0,0,30
2025-04-15T00:35:23,30,0,0,30
2025-04-15T01:08:23,30,0,0,30
2025-04-15T01:41:21,30,0,0,30
2025-04-15T02:14:29,30,0,0,30
2025-04-15T02:47:28,30,0,0,30
2025-04-15T03:20:28,30,0,0,30
2025-04-15T03:53:27,30,0,0,30
2025-04-15T04:53:24,30,0,0,30
2025-04-15T05:26:23,30,0,0,30
2025-04-15T05:59:26,30,0,0,30
2025-04-15T06:32:26,30,0,0,30
2025-04-15T07:05:29,30,0,0,30
2025-04-15T07:38:28,30,0,0,30
2025-04-15T08:11:24,30,0,0,30
2025-04-15T08:44:28,30,0,0,30
2025-04-15T09:17:24,30,0,0,30
2025-04-15T09:50:17,30,0,0,30
2025-04-15T10:23:12,30,0,0,30
2025-04-15T10:56:23,30,0,0,30
2025-04-15T11:29:29,30,0,0,30
2025-04-15T12:02:41,30,0,0,30
2025-04-15T12:35:40,30,0,0,30
2025-04-16T00:24:44,30,0,0,30
2025-04-16T00:57:43,30,0,0,30
2025-04-16T01:30:43,30,0,0,30
2025-04-16T02:03:51,30,0,0,30
2025-04-16T02:36:49,30,0,0,30
2025-04-16T03:09:50,30,0,0,30
2025-04-16T03:42:47,30,0,0,30
2025-04-16T04:50:04,30,0,0,30
2025-04-16T05:23:06,30,0,0,30
2025-04-16T05:56:08,30,0,0,30
2025-04-16T06:29:07,30,0,0,30
2025-04-16T07:02:06,30,0,0,30
2025-04-16T07:35:04,30,0,0,30
2025-04-16T08:08:00,30,0,0,30
2025-04-16T08:40:57,30,0,0,30
2025-04-16T09:14:00,30,0,0,30
2025-04-16T09:46:54,30,0,0,30
2025-04-16T10:19:50,30,0,0,30
2025-04-16T10:52:56,30,0,0,30
2025-04-16T11:25:51,30,0,0,30
2025-04-16T11:58:56,30,0,0,30
2025-04-16T12:31:53,30,0,0,30
2025-04-16T13:04:59,30,0,0,30
2025-04-16T13:37:53,30,0,0,30
2025-04-16T14:10:59,30,0,0,30
2025-04-16T14:43:53,30,0,0,30
2025-04-16T15:16:58,30,0,0,30
2025-04-16T15:49:53,30,0,0,30
2025-04-16T16:22:58,30,0,0,30
2025-04-16T16:55:52,30,0,0,30
2025-04-16T17:28:56,30,0,0,30
2025-04-16T18:01:49,30,0,0,30
2025-04-16T18:35:00,30,0,0,30
2025-04-16T19:07:54,30,0,0,30
2025-04-16T19:40:48,30,0,0,30
2025-04-16T20:13:59,30,0,0,30
2025-04-16T20:46:56,30,0,0,30
2025-04-16T21:19:51,30,0,0,30
2025-04-16T21:52:52,30,0,0,30
2025-04-16T22:26:00,30,0,0,30
2025-04-16T22:59:06,30,0,0,30
2025-04-16T23:32:10,30,0,0,30
2025-04-17T00:05:14,30,0,0,30
2025-04-17T00:38:31,30,0,0,30
2025-04-17T01:11:37,30,0,0,30
2025-04-17T01:44:43,30,0,0,30
2025-04-17T02:17:47,30,0,0,30
2025-04-17T02:50:56,30,0,0,30
2025-04-17T03:24:15,30,0,0,30
2025-04-17T03:57:23,30,0,0,30
2025-04-17T04:54:00,30,0,0,30
2025-04-17T05:27:08,30,0,0,30
2025-04-17T06:00:15,30,0,0,30
2025-04-17T06:33:22,30,0,0,30
2025-04-17T07:06:30,30,0,0,30
2025-04-17T07:39:28,30,0,0,30
2025-04-17T08:12:29,30,0,0,30
2025-04-17T08:45:36,30,0,0,30
2025-04-17T09:18:30,30,0,0,30
2025-04-17T09:51:25,30,0,0,30
2025-04-17T10:24:43,30,0,0,30
2025-04-17T10:57:38,30,0,0,30
2025-04-17T11:30:31,30,0,0,30
2025-04-17T12:03:35,30,0,0,30
2025-04-17T12:36:31,30,0,0,30
2025-04-17T13:09:36,30,0,0,30
2025-04-17T13:42:30,30,0,0,30
2025-04-17T14:15:24,30,0,0,30
2025-04-17T14:48:29,30,0,0,30
2025-04-17T15:21:23,30,0,0,30
2025-04-17T15:54:30,30,0,0,30
2025-04-17T16:27:25,30,0,0,30
2025-04-17T17:00:30,30,0,0,30
2025-04-17T17:33:25,30,0,0,30
2025-04-17T18:06:19,30,0,0,30
2025-04-17T18:39:25,30,0,0,30
2025-04-17T19:12:20,30,0,0,30
2025-04-17T19:45:26,30,0,0,30
2025-04-17T20:18:23,30,0,0,30
2025-04-17T20:51:17,30,0,0,30
2025-04-17T21:24:12,30,0,0,30
2025-04-17T21:57:06,30,0,0,30
2025-04-17T22:30:10,30,0,0,30
2025-04-17T23:03:08,30,0,0,30
2025-04-17T23:36:02,30,0,0,30
2025-04-18T00:08:58,30,0,0,30
2025-04-18T00:41:59,30,0,0,30
2025-04-18T01:15:10,30,0,0,30
2025-04-18T01:48:11,30,0,0,30
2025-04-18T02:21:11,30,0,0,30
2025-04-18T02:54:10,30,0,0,30
2025-04-18T03:27:07,30,0,0,30
2025-04-18T04:02:47,30,0,0,30
2025-04-18T04:47:40,30,0,0,30
2025-04-18T05:20:40,30,0,0,30
2025-04-18T05:53:41,30,0,0,30
2025-04-18T06:26:40,30,0,0,30
2025-04-18T06:59:44,30,0,0,30
2025-04-18T07:32:48,30,0,0,30
2025-04-18T08:05:47,30,0,0,30
2025-04-18T08:38:44,30,0,0,30
2025-04-18T09:11:50,30,0,0,30
2025-04-18T09:44:47,30,0,0,30
2025-04-18T10:17:40,30,0,0,30
2025-04-18T10:50:33,30,0,0,30
2025-04-18T11:23:39,30,0,0,30
2025-04-18T11:56:33,30,0,0,30
2025-04-18T12:29:29,30,0,0,30
2025-04-18T13:02:34,30,0,0,30
2025-04-18T13:35:29,30,0,0,30
2025-04-18T14:08:23,30,0,0,30
2025-04-18T14:41:18,30,0,0,30
2025-04-18T15:14:23,30,0,0,30
2025-04-18T15:47:19,30,0,0,30
2025-04-18T16:20:23,30,0,0,30
2025-04-18T16:53:17,30,0,0,30
2025-04-18T17:26:11,30,0,0,30
2025-04-18T17:59:04,30,0,0,30
2025-04-18T18:32:09,30,0,0,30
2025-04-18T19:05:04,30,0,0,30
2025-04-18T19:37:57,30,0,0,30
2025-04-18T20:10:50,30,0,0,30
2025-04-18T20:43:53,30,0,0,30
2025-04-18T21:16:47,30,0,0,30
2025-04-18T21:49:41,30,0,0,30
2025-04-18T22:22:35,30,0,0,30
2025-04-18T22:55:30,30,0,0,30
2025-04-18T23:28:37,30,0,0,30
2025-04-19T00:01:31,30,0,0,30
2025-04-19T00:34:32,30,0,0,30
2025-04-19T01:07:35,30,0,0,30
2025-04-19T01:40:35,30,0,0,30
2025-04-19T02:13:34,30,0,0,30
2025-04-19T02:46:28,30,0,0,30
2025-04-19T03:19:50,30,0,0,30
2025-04-19T03:53:22,30,0,0,30
2025-04-19T04:50:48,30,0,0,30
2025-04-19T05:23:50,30,0,0,30
2025-04-19T05:56:50,30,0,0,30
2025-04-19T06:29:49,30,0,0,30
2025-04-19T07:02:48,30,0,0,30
2025-04-19T07:35:51,30,0,0,30
2025-04-19T08:08:57,30,0,0,30
2025-04-19T08:41:57,30,0,0,30
2025-04-19T09:14:53,30,0,0,30
2025-04-19T09:47:56,30,0,0,30
2025-04-19T10:21:50,30,0,0,30
2025-04-19T10:54:43,30,0,0,30
2025-04-19T11:27:36,30,0,0,30
2025-04-19T12:00:39,30,0,0,30
2025-04-19T12:33:33,30,0,0,30
2025-04-19T13:06:26,30,0,0,30
2025-04-19T13:39:19,30,0,0,30
2025-04-19T14:12:12,30,0,0,30
2025-04-19T14:45:16,30,0,0,30
2025-04-19T15:18:10,30,0,0,30
2025-04-19T15:51:03,30,0,0,30
2025-04-19T16:23:58,30,0,0,30
2025-04-19T16:57:01,30,0,0,30
2025-04-19T17:29:54,30,0,0,30
2025-04-19T18:02:48,30,0,0,30
2025-04-19T18:35:43,30,0,0,30
2025-04-19T19:08:37,30,0,0,30
2025-04-19T19:41:31,30,0,0,30
2025-04-19T20:14:33,30,0,0,30
2025-04-19T20:47:27,30,0,0,30
2025-04-19T21:20:21,30,0,0,30
2025-04-19T21:53:14,30,0,0,30
2025-04-19T22:26:09,30,0,0,30
2025-04-19T22:59:14,30,0,0,30
2025-04-19T23:32:12,30,0,0,30
2025-04-20T00:05:05,30,0,0,30
2025-04-20T00:38:03,30,0,0,30
2025-04-20T01:12:57,30,0,0,30
2025-04-20T01:46:38,30,0,0,30
2025-04-20T02:20:46,30,0,0,30
2025-04-20T02:53:45,30,0,0,30
2025-04-20T03:27:08,30,0,0,30
2025-04-20T04:00:10,30,0,0,30
2025-04-20T04:42:09,30,0,0,30
2025-04-20T05:15:10,30,0,0,30
2025-04-20T05:48:10,30,0,0,30
2025-04-20T06:21:12,30,0,0,30
2025-04-20T06:54:11,30,0,0,30
2025-04-20T07:27:14,30,0,0,30
2025-04-20T08:00:16,30,0,0,30
2025-04-20T08:33:15,30,0,0,30
2025-04-20T09:06:11,30,0,0,30
2025-04-20T09:39:09,30,0,0,30
2025-04-20T10:12:16,30,0,0,30
2025-04-20T10:45:15,30,0,0,30
2025-04-20T11:18:14,30,0,0,30
2025-04-20T11:51:11,30,0,0,30
2025-04-20T12:24:09,30,0,0,30
2025-04-20T12:57:10,30,0,0,30
2025-04-20T13:30:04,30,0,0,30
2025-04-20T14:02:59,30,0,0,30
2025-04-20T14:35:52,30,0,0,30
2025-04-20T15:08:45,30,0,0,30
2025-04-20T15:41:38,30,0,0,30
2025-04-20T16:14:39,30,0,0,30
2025-04-20T16:47:33,30,0,0,30
2025-04-20T17:20:26,30,0,0,30
2025-04-20T17:53:20,30,0,0,30
2025-04-20T18:26:19,30,0,0,30
2025-04-20T18:59:17,30,0,0,30
2025-04-20T19:32:21,30,0,0,30
2025-04-20T20:05:15,30,0,0,30
2025-04-20T20:38:09,30,0,0,30
2025-04-20T21:11:03,30,0,0,30
2025-04-20T21:43:59,30,0,0,30
2025-04-20T22:17:06,30,0,0,30
2025-04-20T22:50:00,30,0,0,30
2025-04-20T23:22:56,30,0,0,30
2025-04-20T23:55:51,30,0,0,30
2025-04-21T00:29:10,30,0,0,30
2025-04-21T01:02:13,30,0,0,30
2025-04-21T01:35:21,30,0,0,30
2025-04-21T02:08:21,30,0,0,30
2025-04-21T02:41:20,30,0,0,30
2025-04-21T03:14:16,30,0,0,30
2025-04-21T03:47:14,30,0,0,30
2025-04-21T04:42:21,30,0,0,30
2025-04-21T05:15:22,30,0,0,30
2025-04-21T05:48:23,30,0,0,30
2025-04-21T06:21:23,30,0,0,30
2025-04-21T06:54:26,30,0,0,30
2025-04-21T07:27:23,30,0,0,30
2025-04-21T08:00:18,30,0,0,30
2025-04-21T08:33:23,30,0,0,30
2025-04-21T09:06:20,30,0,0,30
2025-04-21T09:39:18,30,0,0,30
2025-04-21T10:12:12,30,0,0,30
2025-04-21T10:45:17,30,0,0,30
2025-04-21T11:18:12,30,0,0,30
2025-04-21T11:51:07,30,0,0,30
2025-04-21T12:24:13,30,0,0,30
2025-04-21T12:57:07,30,0,0,30
2025-04-21T13:30:06,30,0,0,30
2025-04-21T14:03:11,30,0,0,30
2025-04-21T14:36:06,30,0,0,30
2025-04-21T15:09:01,30,0,0,30
2025-04-21T15:42:06,30,0,0,30
2025-04-21T16:15:01,30,0,0,30
2025-04-21T16:47:55,30,0,0,30
2025-04-21T17:21:01,30,0,0,30
2025-04-21T17:53:55,30,0,0,30
2025-04-21T18:26:50,30,0,0,30
2025-04-21T18:59:54,30,0,0,30
2025-04-21T19:32:48,30,0,0,30
2025-04-21T20:05:42,30,0,0,30
2025-04-21T20:38:36,30,0,0,30
2025-04-21T21:11:31,30,0,0,30
2025-04-21T21:44:34,30,0,0,30
2025-04-21T22:17:30,30,0,0,30
2025-04-21T22:50:29,30,0,0,30
2025-04-21T23:23:30,30,0,0,30
2025-04-21T23:56:26,30,0,0,30
2025-04-22T00:29:39,30,0,0,30
2025-04-22T01:02:39,30,0,0,30
2025-04-22T01:35:35,30,0,0,30
2025-04-22T02:08:30,30,0,0,30
2025-04-22T02:41:24,30,0,0,30
2025-04-22T03:14:27,30,0,0,30
2025-04-22T03:47:24,30,0,0,30
2025-04-22T04:41:38,30,0,0,30
2025-04-22T05:14:38,30,0,0,30
2025-04-22T05:47:37,30,0,0,30
2025-04-22T06:20:38,30,0,0,30
2025-04-22T06:53:37,30,0,0,30
2025-04-22T07:26:36,30,0,0,30
2025-04-22T07:59:31,30,0,0,30
2025-04-22T08:32:36,30,0,0,30
2025-04-22T09:05:31,30,0,0,30
2025-04-22T09:38:25,30,0,0,30
2025-04-22T10:11:33,30,0,0,30
2025-04-22T10:44:28,30,0,0,30
2025-04-22T11:17:33,30,0,0,30
2025-04-22T11:50:28,30,0,0,30
2025-04-22T12:23:34,30,0,0,30
2025-04-22T12:56:28,30,0,0,30
2025-04-22T13:29:32,30,0,0,30
2025-04-22T14:02:25,30,0,0,30
2025-04-22T14:35:36,30,0,0,30
2025-04-22T15:08:30,30,0,0,30
2025-04-22T15:41:40,30,0,0,30
2025-04-22T16:14:35,30,0,0,30
2025-04-22T16:47:39,30,0,0,30
2025-04-22T17:20:33,30,0,0,30
2025-04-22T17:53:37,30,0,0,30
2025-04-22T18:26:31,30,0,0,30
2025-04-22T18:59:25,30,0,0,30
2025-04-22T19:32:19,30,0,0,30
2025-04-22T20:05:23,30,0,0,30
2025-04-22T20:38:21,30,0,0,30
2025-04-22T21:11:15,30,0,0,30
2025-04-22T21:44:10,30,0,0,30
2025-04-22T22:17:14,30,0,0,30
2025-04-22T22:50:09,30,0,0,30
2025-04-22T23:23:05,30,0,0,30
2025-04-22T23:56:01,30,0,0,30
2025-04-23T00:29:00,30,0,0,30
2025-04-23T01:02:06,30,0,0,30
2025-04-23T01:35:17,30,0,0,30
2025-04-23T02:08:17,30,0,0,30
2025-04-23T02:41:17,30,0,0,30
2025-04-23T03:14:49,30,0,0,30
2025-04-23T03:47:48,30,0,0,30
2025-04-23T04:43:25,30,0,0,30
2025-04-23T05:16:25,30,0,0,30
2025-04-23T05:49:24,30,0,0,30
2025-04-23T06:22:24,30,0,0,30
2025-04-23T06:55:29,30,0,0,30
2025-04-23T07:28:27,30,0,0,30
2025-04-23T08:01:21,30,0,0,30
2025-04-23T08:34:26,30,0,0,30
2025-04-23T09:07:21,30,0,0,30
2025-04-23T09:40:16,30,0,0,30
2025-04-23T10:13:11,30,0,0,30
2025-04-23T10:46:08,30,0,0,30
2025-04-23T11:19:13,30,0,0,30
2025-04-23T11:52:08,30,0,0,30
2025-04-23T12:25:02,30,0,0,30
2025-04-23T12:58:06,30,0,0,30
2025-04-23T13:31:01,30,0,0,30
2025-04-23T14:04:00,30,0,0,30
2025-04-23T14:37:05,30,0,0,30
2025-04-23T15:09:59,30,0,0,30
2025-04-23T15:42:55,30,0,0,30
2025-04-23T16:15:58,30,0,0,30
2025-04-23T16:48:55,30,0,0,30
2025-04-23T17:21:51,30,0,0,30
2025-04-23T17:54:45,30,0,0,30
2025-04-23T18:27:40,30,0,0,30
2025-04-23T19:00:44,30,0,0,30
2025-04-23T19:33:40,30,0,0,30
2025-04-23T20:06:35,30,0,0,30
2025-04-23T20:39:31,30,0,0,30
2025-04-23T21:12:35,30,0,0,30
2025-04-23T21:45:31,30,0,0,30
2025-04-23T22:18:28,30,0,0,30
2025-04-23T22:51:24,30,0,0,30
2025-04-23T23:24:20,30,0,0,30
2025-04-23T23:57:26,30,0,0,30
2025-04-24T00:30:34,30,0,0,30
2025-04-24T01:03:39,30,0,0,30
2025-04-24T01:36:41,30,0,0,30
2025-04-24T02:09:41,30,0,0,30
2025-04-24T02:42:40,30,0,0,30
2025-04-24T03:15:59,30,0,0,30
2025-04-24T03:48:59,30,0,0,30
2025-04-24T04:41:58,30,0,0,30
2025-04-24T05:14:59,30,0,0,30
2025-04-24T05:48:04,30,0,0,30
2025-04-24T06:21:09,30,0,0,30
2025-04-24T06:54:09,30,0,0,30
2025-04-24T07:27:07,30,0,0,30
2025-04-24T08:00:04,30,0,0,30
2025-04-24T08:33:07,30,0,0,30
2025-04-24T09:06:03,30,0,0,30
2025-04-24T09:38:59,30,0,0,30
2025-04-24T10:11:53,30,0,0,30
2025-04-24T10:44:47,30,0,0,30
2025-04-24T11:17:50,30,0,0,30
2025-04-24T11:50:45,30,0,0,30
2025-04-24T12:23:40,30,0,0,30
2025-04-24T12:56:43,30,0,0,30
2025-04-24T13:29:37,30,0,0,30
2025-04-24T14:02:31,30,0,0,30
2025-04-24T14:35:27,30,0,0,30
2025-04-24T15:08:30,30,0,0,30
2025-04-24T15:41:24,30,0,0,30
2025-04-24T16:14:19,30,0,0,30
2025-04-24T16:47:24,30,0,0,30
2025-04-24T17:20:19,30,0,0,30
2025-04-24T17:53:12,30,0,0,30
2025-04-24T18:26:06,30,0,0,30
2025-04-24T18:59:11,30,0,0,30
2025-04-24T19:32:06,30,0,0,30
2025-04-24T20:05:00,30,0,0,30
2025-04-24T20:37:54,30,0,0,30
2025-04-24T21:10:56,30,0,0,30
2025-04-24T21:43:59,30,0,0,30
2025-04-24T22:16:52,30,0,0,30
2025-04-24T22:49:47,30,0,0,30
2025-04-24T23:22:45,30,0,0,30
2025-04-24T23:55:41,30,0,0,30
2025-04-25T00:29:01,30,0,0,30
2025-04-25T01:02:06,30,0,0,30
2025-04-25T01:35:07,30,0,0,30
2025-04-25T02:08:08,30,0,0,30
2025-04-25T02:41:20,30,0,0,30
2025-04-25T03:14:23,30,0,0,30
2025-04-25T03:47:48,30,0,0,30
2025-04-25T04:38:02,30,0,0,30
2025-04-25T05:11:02,30,0,0,30
2025-04-25T05:44:04,30,0,0,30
2025-04-25T06:17:05,30,0,0,30
2025-04-25T06:50:04,30,0,0,30
2025-04-25T07:23:04,30,0,0,30
2025-04-25T07:56:01,30,0,0,30
2025-04-25T08:29:04,30,0,0,30
2025-04-25T09:02:00,30,0,0,30
2025-04-25T09:34:54,30,0,0,30
2025-04-25T10:07:48,30,0,0,30
2025-04-25T10:41:07,30,0,0,30
2025-04-25T11:14:02,30,0,0,30
2025-04-25T11:46:58,30,0,0,30
2025-04-25T12:19:53,30,0,0,30
2025-04-25T12:52:55,30,0,0,30
2025-04-25T13:25:49,30,0,0,30
2025-04-25T13:58:44,30,0,0,30
2025-04-25T14:31:54,30,0,0,30
2025-04-25T15:04:48,30,0,0,30
2025-04-25T15:37:43,30,0,0,30
2025-04-25T16:10:46,30,0,0,30
2025-04-25T16:43:40,30,0,0,30
2025-04-25T17:16:34,30,0,0,30
2025-04-25T17:49:29,30,0,0,30
2025-04-25T18:22:46,30,0,0,30
2025-04-25T18:55:39,30,0,0,30
2025-04-25T19:28:34,30,0,0,30
2025-04-25T20:01:28,30,0,0,30
2025-04-25T20:34:30,30,0,0,30
2025-04-25T21:07:24,30,0,0,30
2025-04-25T21:40:17,30,0,0,30
2025-04-25T22:13:12,30,0,0,30
2025-04-25T22:46:07,30,0,0,30
2025-04-25T23:19:18,30,0,0,30
2025-04-25T23:52:13,30,0,0,30
2025-04-26T00:25:22,30,0,0,30
2025-04-26T00:58:28,30,0,0,30
2025-04-26T01:31:28,30,0,0,30
2025-04-26T02:04:27,30,0,0,30
2025-04-26T02:37:47,30,0,0,30
2025-04-26T03:10:41,30,0,0,30
2025-04-26T03:43:36,30,0,0,30
2025-04-26T04:49:26,30,0,0,30
2025-04-26T05:24:24,30,0,0,30
2025-04-26T05:58:00,30,0,0,30
2025-04-26T06:31:05,30,0,0,30
2025-04-26T07:04:08,30,0,0,30
2025-04-26T07:37:18,30,0,0,30
2025-04-26T08:10:16,30,0,0,30
2025-04-26T08:43:15,30,0,0,30
2025-04-26T09:16:17,30,0,0,30
2025-04-26T09:49:18,30,0,0,30
2025-04-26T10:22:18,30,0,0,30
2025-04-26T10:55:27,30,0,0,30
2025-04-26T11:28:25,30,0,0,30
2025-04-26T12:01:23,30,0,0,30
2025-04-26T12:34:22,30,0,0,30
2025-04-26T13:07:25,30,0,0,30
2025-04-26T13:40:19,30,0,0,30
2025-04-26T14:13:14,30,0,0,30
2025-04-26T14:46:09,30,0,0,30
2025-04-26T15:19:06,30,0,0,30
2025-04-26T15:52:01,30,0,0,30
2025-04-26T16:25:07,30,0,0,30
2025-04-26T16:58:02,30,0,0,30
2025-04-26T17:30:58,30,0,0,30
2025-04-26T18:03:55,30,0,0,30
2025-04-26T18:36:50,30,0,0,30
2025-04-26T19:09:44,30,0,0,30
2025-04-26T19:42:48,30,0,0,30
2025-04-26T20:15:43,30,0,0,30
2025-04-26T20:48:37,30,0,0,30
2025-04-26T21:21:32,30,0,0,30
2025-04-26T21:54:27,30,0,0,30
2025-04-26T22:27:25,30,0,0,30
2025-04-26T23:00:31,30,0,0,30
2025-04-26T23:33:27,30,0,0,30
2025-04-27T00:06:22,30,0,0,30
2025-04-27T00:39:23,30,0,0,30
2025-04-27T01:12:37,30,0,0,30
2025-04-27T01:45:44,30,0,0,30
2025-04-27T02:18:52,30,0,0,30
2025-04-27T02:51:52,30,0,0,30
2025-04-27T03:24:52,30,0,0,30
2025-04-27T03:58:08,30,0,0,30
2025-04-27T04:49:00,30,0,0,30
2025-04-27T05:22:09,30,0,0,30
2025-04-27T05:55:40,30,0,0,30
2025-04-27T06:28:49,30,0,0,30
2025-04-27T07:01:56,30,0,0,30
2025-04-27T07:35:05,30,0,0,30
2025-04-27T08:08:14,30,0,0,30
2025-04-27T08:41:18,30,0,0,30
2025-04-27T09:14:29,30,0,0,30
2025-04-27T09:47:41,30,0,0,30
2025-04-27T10:20:55,30,0,0,30
2025-04-27T10:54:10,30,0,0,30
2025-04-27T11:27:21,30,0,0,30
2025-04-27T12:00:18,30,0,0,30
2025-04-27T12:33:23,30,0,0,30
2025-04-27T13:06:17,30,0,0,30
2025-04-27T13:39:13,30,0,0,30
2025-04-27T14:12:08,30,0,0,30
2025-04-27T14:45:02,30,0,0,30
2025-04-27T15:17:57,30,0,0,30
2025-04-27T15:51:00,30,0,0,30
2025-04-27T16:23:54,30,0,0,30
2025-04-27T16:56:50,30,0,0,30
2025-04-27T17:29:46,30,0,0,30
2025-04-27T18:02:40,30,0,0,30
2025-04-27T18:35:45,30,0,0,30
2025-04-27T19:08:40,30,0,0,30
2025-04-27T19:41:37,30,0,0,30
2025-04-27T20:14:33,30,0,0,30
2025-04-27T20:47:28,30,0,0,30
2025-04-27T21:20:32,30,0,0,30
2025-04-27T21:53:29,30,0,0,30
2025-04-27T22:26:26,30,0,0,30
2025-04-27T22:59:22,30,0,0,30
2025-04-27T23:32:19,30,0,0,30
2025-04-28T00:05:39,30,0,0,30
2025-04-28T00:39:06,30,0,0,30
2025-04-28T01:12:12,30,0,0,30
2025-04-28T01:45:16,30,0,0,30
2025-04-28T02:18:16,30,0,0,30
2025-04-28T02:51:38,30,0,0,30
2025-04-28T03:24:38,30,0,0,30
2025-04-28T03:57:38,30,0,0,30
2025-04-28T04:51:49,30,0,0,30
2025-04-28T05:24:52,30,0,0,30
2025-04-28T05:57:57,30,0,0,30
2025-04-28T06:31:00,30,0,0,30
2025-04-28T07:04:05,30,0,0,30
2025-04-28T07:37:06,30,0,0,30
2025-04-28T08:10:02,30,0,0,30
2025-04-28T08:43:01,30,0,0,30
2025-04-28T09:15:57,30,0,0,30
2025-04-28T09:49:01,30,0,0,30
2025-04-28T10:21:57,30,0,0,30
2025-04-28T10:54:54,30,0,0,30
2025-04-28T11:27:51,30,0,0,30
2025-04-28T12:00:56,30,0,0,30
2025-04-28T12:33:52,30,0,0,30
2025-04-28T13:07:04,30,0,0,30
2025-04-28T13:40:08,30,0,0,30
2025-04-28T14:13:24,30,0,0,30
2025-04-28T14:46:19,30,0,0,30
2025-04-28T15:19:24,30,0,0,30
2025-04-28T15:52:20,30,0,0,30
2025-04-28T16:25:16,30,0,0,30
2025-04-28T16:58:33,30,0,0,30
2025-04-28T17:31:29,30,0,0,30
2025-04-28T18:04:25,30,0,0,30
2025-04-28T18:37:22,30,0,0,30
2025-04-28T19:10:28,30,0,0,30
2025-04-28T19:43:23,30,0,0,30
2025-04-28T20:16:19,30,0,0,30
2025-04-28T20:49:13,30,0,0,30
2025-04-28T21:22:08,30,0,0,30
2025-04-28T21:55:15,30,0,0,30
2025-04-28T22:28:11,30,0,0,30
2025-04-28T23:01:09,30,0,0,30
2025-04-28T23:34:05,30,0,0,30
2025-04-29T00:07:04,30,0,0,30
2025-04-29T00:40:17,30,0,0,30
2025-04-29T01:13:20,30,0,0,30
2025-04-29T01:46:21,30,0,0,30
2025-04-29T02:19:21,30,0,0,30
2025-04-29T02:52:44,30,0,0,30
2025-04-29T03:25:44,30,0,0,30
2025-04-29T03:58:44,30,0,0,30
2025-04-29T04:47:03,30,0,0,30
2025-04-29T05:20:04,30,0,0,30
2025-04-29T05:53:08,30,0,0,30
2025-04-29T06:26:15,30,0,0,30
2025-04-29T06:59:17,30,0,0,30
2025-04-29T07:32:16,30,0,0,30
2025-04-29T08:05:15,30,0,0,30
2025-04-29T08:38:14,30,0,0,30
2025-04-29T09:11:20,30,0,0,30
2025-04-29T09:44:14,30,0,0,30
2025-04-29T10:17:10,30,0,0,30
2025-04-29T10:50:05,30,0,0,30
2025-04-29T11:23:11,30,0,0,30
2025-04-29T11:56:06,30,0,0,30
2025-04-29T12:29:00,30,0,0,30
2025-04-29T13:01:55,30,0,0,30
2025-04-29T13:35:01,30,0,0,30
2025-04-29T14:07:56,30,0,0,30
2025-04-29T14:40:50,30,0,0,30
2025-04-29T15:13:46,30,0,0,30
2025-04-29T15:46:52,30,0,0,30
2025-04-29T16:19:50,30,0,0,30
2025-04-29T16:52:55,30,0,0,30
2025-04-29T17:25:51,30,0,0,30
2025-04-29T17:58:46,30,0,0,30
2025-04-29T18:31:41,30,0,0,30
2025-04-29T19:04:35,30,0,0,30
2025-04-29T19:39:09,30,0,0,30
2025-04-29T20:12:52,30,0,0,30
2025-04-29T20:45:48,30,0,0,30
2025-04-29T21:18:43,30,0,0,30
2025-04-29T21:51:37,30,0,0,30
2025-04-29T22:24:44,30,0,0,30
2025-04-29T22:57:41,30,0,0,30
2025-04-29T23:30:37,30,0,0,30
2025-04-30T00:03:45,30,0,0,30
2025-04-30T00:38:05,30,0,0,30
2025-04-30T01:11:17,30,0,0,30
2025-04-30T01:44:18,30,0,0,30
2025-04-30T02:17:20,30,0,0,30
2025-04-30T02:50:19,30,0,0,30
2025-04-30T03:23:19,30,0,0,30
2025-04-30T03:56:46,30,0,0,30
2025-04-30T04:38:10,30,0,0,30
2025-04-30T05:11:12,30,0,0,30
2025-04-30T05:44:15,30,0,0,30
2025-04-30T06:17:17,30,0,0,30
2025-04-30T06:50:16,30,0,0,30
2025-04-30T07:23:17,30,0,0,30
2025-04-30T07:56:15,30,0,0,30
2025-04-30T08:29:14,30,0,0,30
2025-04-30T09:02:09,30,0,0,30
2025-04-30T09:35:11,30,0,0,30
2025-04-30T10:08:07,30,0,0,30
2025-04-30T10:41:01,30,0,0,30
2025-04-30T11:13:55,30,0,0,30
2025-04-30T11:46:56,30,0,0,30
2025-04-30T12:19:51,30,0,0,30
2025-04-30T12:52:46,30,0,0,30
2025-04-30T13:25:42,30,0,0,30
2025-04-30T13:58:47,30,0,0,30
2025-04-30T14:31:41,30,0,0,30
2025-04-30T15:04:35,30,0,0,30
2025-04-30T15:37:40,30,0,0,30
2025-04-30T16:10:34,30,0,0,30
2025-04-30T16:43:28,30,0,0,30
2025-04-30T17:16:33,30,0,0,30
2025-04-30T17:49:27,30,0,0,30
2025-04-30T18:22:22,30,0,0,30
2025-04-30T18:55:16,30,0,0,30
2025-04-30T19:28:20,30,0,0,30
2025-04-30T20:01:13,30,0,0,30
2025-04-30T20:34:08,30,0,0,30
2025-04-30T21:07:02,30,0,0,30
2025-04-30T21:39:57,30,0,0,30
2025-04-30T22:13:01,30,0,0,30
2025-04-30T22:45:55,30,0,0,30
2025-04-30T23:18:50,30,0,0,30
2025-04-30T23:51:48,30,0,0,30
2025-05-01T00:24:44,30,0,0,30
2025-05-01T00:57:57,30,0,0,30
2025-05-01T01:30:58,30,0,0,30
2025-05-01T02:04:00,30,0,0,30
2025-05-01T02:36:58,30,0,0,30
2025-05-01T03:10:22,30,0,0,30
2025-05-01T03:43:20,30,0,0,30
2025-05-01T04:39:02,30,0,0,30
2025-05-01T05:12:01,30,0,0,30
2025-05-01T05:45:05,30,0,0,30
2025-05-01T06:18:07,30,0,0,30
2025-05-01T06:51:10,30,0,0,30
2025-05-01T07:24:14,30,0,0,30
2025-05-01T07:57:11,30,0,0,30
2025-05-01T08:30:07,30,0,0,30
2025-05-01T09:03:04,30,0,0,30
2025-05-01T09:36:12,30,0,0,30
2025-05-01T10:09:07,30,0,0,30
2025-05-01T10:42:01,30,0,0,30
2025-05-01T11:14:56,30,0,0,30
2025-05-01T11:48:06,30,0,0,30
2025-05-01T12:21:01,30,0,0,30
2025-05-01T12:53:57,30,0,0,30
2025-05-01T13:26:52,30,0,0,30
2025-05-01T13:59:57,30,0,0,30
2025-05-01T14:32:53,30,0,0,30
2025-05-01T15:05:49,30,0,0,30
2025-05-01T15:38:46,30,0,0,30
2025-05-01T16:11:56,30,0,0,30
2025-05-01T16:44:52,30,0,0,30
2025-05-01T17:17:49,30,0,0,30
2025-05-01T17:50:56,30,0,0,30
2025-05-01T18:23:53,30,0,0,30
2025-05-01T18:56:50,30,0,0,30
2025-05-01T19:30:03,30,0,0,30
2025-05-01T20:03:02,30,0,0,30
2025-05-01T20:35:58,30,0,0,30
2025-05-01T21:08:55,30,0,0,30
2025-05-01T21:42:05,30,0,0,30
2025-05-01T22:15:02,30,0,0,30
2025-05-01T22:48:04,30,0,0,30
2025-05-01T23:21:15,30,0,0,30
2025-05-01T23:54:17,30,0,0,30
2025-05-02T00:27:16,30,0,0,30
2025-05-02T01:00:28,30,0,0,30
2025-05-02T01:33:30,30,0,0,30
2025-05-02T02:06:44,30,0,0,30
2025-05-02T02:39:58,30,0,0,30
2025-05-02T03:12:59,30,0,0,30
2025-05-02T03:45:58,30,0,0,30
2025-05-02T04:47:10,30,0,0,30
2025-05-02T05:20:15,30,0,0,30
2025-05-02T05:53:17,30,0,0,30
2025-05-02T06:26:19,30,0,0,30
2025-05-02T06:59:24,30,0,0,30
2025-05-02T07:32:25,30,0,0,30
2025-05-02T08:05:25,30,0,0,30
2025-05-02T08:38:22,30,0,0,30
2025-05-02T09:11:29,30,0,0,30
2025-05-02T09:44:27,30,0,0,30
2025-05-02T10:17:27,30,0,0,30
2025-05-02T10:50:34,30,0,0,30
2025-05-02T11:23:29,30,0,0,30
2025-05-02T11:56:25,30,0,0,30
2025-05-02T12:29:30,30,0,0,30
2025-05-02T13:02:26,30,0,0,30
2025-05-02T13:35:22,30,0,0,30
2025-05-02T14:08:18,30,0,0,30
2025-05-02T14:41:23,30,0,0,30
2025-05-02T15:14:18,30,0,0,30
2025-05-02T15:47:13,30,0,0,30
2025-05-02T16:20:18,30,0,0,30
2025-05-02T16:53:23,30,0,0,30
2025-05-02T17:26:20,30,0,0,30
2025-05-02T17:59:14,30,0,0,30
2025-05-02T18:32:10,30,0,0,30
2025-05-02T19:05:04,30,0,0,30
2025-05-02T19:38:10,30,0,0,30
2025-05-02T20:11:05,30,0,0,30
2025-05-02T20:44:00,30,0,0,30
2025-05-02T21:16:54,30,0,0,30
2025-05-02T21:49:49,30,0,0,30
2025-05-02T22:22:47,30,0,0,30
2025-05-02T22:55:43,30,0,0,30
2025-05-02T23:28:51,30,0,0,30
2025-05-03T00:01:46,30,0,0,30
2025-05-03T00:35:05,30,0,0,30
2025-05-03T01:08:09,30,0,0,30
2025-05-03T01:41:09,30,0,0,30
2025-05-03T02:14:11,30,0,0,30
2025-05-03T02:47:35,30,0,0,30
2025-05-03T03:20:35,30,0,0,30
2025-05-03T03:53:45,30,0,0,30
2025-05-04T22:01:43,30,0,0,30
2025-05-04T22:34:39,30,0,0,30
2025-05-04T23:07:35,30,0,0,30
2025-05-04T23:40:32,30,0,0,30
2025-05-05T00:14:03,30,0,0,30
2025-05-05T00:47:11,30,0,0,30
2025-05-05T01:20:18,30,0,0,30
2025-05-05T01:53:20,30,0,0,30
2025-05-05T02:26:54,30,0,0,30
2025-05-05T02:59:52,30,0,0,30
2025-05-05T03:32:51,30,0,0,30
2025-05-05T04:07:48,30,0,0,30
2025-05-05T04:51:15,30,0,0,30
2025-05-05T05:24:17,30,0,0,30
2025-05-05T05:57:20,30,0,0,30
2025-05-05T06:30:22,30,0,0,30
2025-05-05T07:03:27,30,0,0,30
2025-05-05T07:36:27,30,0,0,30
2025-05-05T08:09:24,30,0,0,30
2025-05-05T08:42:21,30,0,0,30
2025-05-05T09:15:27,30,0,0,30
2025-05-05T09:48:22,30,0,0,30
2025-05-05T10:21:18,30,0,0,30
2025-05-05T10:54:13,30,0,0,30
2025-05-05T11:27:20,30,0,0,30
2025-05-05T12:00:15,30,0,0,30
2025-05-05T12:33:14,30,0,0,30
2025-05-05T13:06:18,30,0,0,30
2025-05-05T13:39:13,30,0,0,30
2025-05-05T14:12:09,30,0,0,30
2025-05-05T14:45:03,30,0,0,30
2025-05-05T15:18:09,30,0,0,30
2025-05-05T15:51:04,30,0,0,30
2025-05-05T16:23:59,30,0,0,30
2025-05-05T16:57:02,30,0,0,30
2025-05-05T17:29:58,30,0,0,30
2025-05-05T18:02:56,30,0,0,30
2025-05-05T18:35:53,30,0,0,30
2025-05-05T19:08:59,30,0,0,30
2025-05-05T19:41:54,30,0,0,30
2025-05-05T20:14:51,30,0,0,30
2025-05-05T20:47:46,30,0,0,30
2025-05-05T21:20:40,30,0,0,30
2025-05-05T21:53:46,30,0,0,30
2025-05-05T22:26:41,30,0,0,30
2025-05-05T22:59:37,30,0,0,30
2025-05-05T23:32:35,30,0,0,30
2025-05-06T00:05:33,30,0,0,30
2025-05-06T00:38:46,30,0,0,30
2025-05-06T01:11:50,30,0,0,30
2025-05-06T01:44:49,30,0,0,30
2025-05-06T02:17:50,30,0,0,30
2025-05-06T02:50:56,30,0,0,30
2025-05-06T03:24:14,30,0,0,30
2025-05-06T03:57:13,30,0,0,30
2025-05-06T04:51:49,30,0,0,30
2025-05-06T05:24:50,30,0,0,30
2025-05-06T05:57:52,30,0,0,30
2025-05-06T06:30:54,30,0,0,30
2025-05-06T07:04:01,30,0,0,30
2025-05-06T07:37:00,30,0,0,30
2025-05-06T08:09:57,30,0,0,30
2025-05-06T08:43:04,30,0,0,30
2025-05-06T09:15:59,30,0,0,30
2025-05-06T09:48:54,30,0,0,30
2025-05-06T10:21:51,30,0,0,30
2025-05-06T10:54:58,30,0,0,30
2025-05-06T11:27:55,30,0,0,30
2025-05-06T12:00:53,30,0,0,30
2025-05-06T12:34:00,30,0,0,30
2025-05-06T13:06:56,30,0,0,30
2025-05-06T13:39:52,30,0,0,30
2025-05-06T14:12:59,30,0,0,30
2025-05-06T14:45:55,30,0,0,30
2025-05-06T15:18:52,30,0,0,30
2025-05-06T15:51:56,30,0,0,30
2025-05-06T16:24:52,30,0,0,30
2025-05-06T16:57:49,30,0,0,30
2025-05-06T17:30:45,30,0,0,30
2025-05-06T18:03:53,30,0,0,30
2025-05-06T18:36:48,30,0,0,30
2025-05-06T19:09:43,30,0,0,30
2025-05-06T19:42:48,30,0,0,30
2025-05-06T20:15:43,30,0,0,30
2025-05-06T20:48:39,30,0,0,30
2025-05-06T21:21:34,30,0,0,30
2025-05-06T21:54:31,30,0,0,30
2025-05-06T22:27:39,30,0,0,30
2025-05-06T23:00:34,30,0,0,30
2025-05-06T23:33:32,30,0,0,30
2025-05-07T00:06:31,30,0,0,30
2025-05-07T00:39:34,30,0,0,30
2025-05-07T01:12:37,30,0,0,30
2025-05-07T01:45:38,30,0,0,30
2025-05-07T02:18:50,30,0,0,30
2025-05-07T02:51:49,30,0,0,30
2025-05-07T03:24:46,30,0,0,30
2025-05-07T03:57:47,30,0,0,30
2025-05-07T04:41:22,30,0,0,30
2025-05-07T05:14:39,30,0,0,30
2025-05-07T05:47:41,30,0,0,30
2025-05-07T06:20:42,30,0,0,30
2025-05-07T06:53:47,30,0,0,30
2025-05-07T07:26:49,30,0,0,30
2025-05-07T07:59:47,30,0,0,30
2025-05-07T08:32:46,30,0,0,30
2025-05-07T09:06:00,30,0,0,30
2025-05-07T09:38:59,30,0,0,30
2025-05-07T10:11:56,30,0,0,30
2025-05-07T10:44:53,30,0,0,30
2025-05-07T11:17:53,30,0,0,30
2025-05-07T11:51:01,30,0,0,30
2025-05-07T12:23:58,30,0,0,30
2025-05-07T12:56:54,30,0,0,30
2025-05-07T13:30:00,30,0,0,30
2025-05-07T14:02:55,30,0,0,30
2025-05-07T14:35:50,30,0,0,30
2025-05-07T15:08:55,30,0,0,30
2025-05-07T15:41:53,30,0,0,30
2025-05-07T16:15:00,30,0,0,30
2025-05-07T16:47:56,30,0,0,30
2025-05-07T17:20:52,30,0,0,30
2025-05-07T17:53:47,30,0,0,30
2025-05-07T18:26:54,30,0,0,30
2025-05-07T18:59:51,30,0,0,30
2025-05-07T19:32:47,30,0,0,30
2025-05-07T20:05:44,30,0,0,30
2025-05-07T20:38:38,30,0,0,30
2025-05-07T21:11:43,30,0,0,30
2025-05-07T21:44:38,30,0,0,30
2025-05-07T22:17:33,30,0,0,30
2025-05-07T22:50:30,30,0,0,30
2025-05-07T23:23:38,30,0,0,30
2025-05-07T23:56:35,30,0,0,30
2025-05-08T00:29:35,30,0,0,30
2025-05-08T01:02:38,30,0,0,30
2025-05-08T01:35:41,30,0,0,30
2025-05-08T02:08:41,30,0,0,30
2025-05-08T02:41:53,30,0,0,30
2025-05-08T03:15:13,30,0,0,30
2025-05-08T03:48:20,30,0,0,30
2025-05-08T04:51:24,30,0,0,30
2025-05-08T05:24:24,30,0,0,30
2025-05-08T05:57:27,30,0,0,30
2025-05-08T06:30:29,30,0,0,30
2025-05-08T07:03:36,30,0,0,30
2025-05-08T07:36:34,30,0,0,30
2025-05-08T08:09:33,30,0,0,30
2025-05-08T08:42:43,30,0,0,30
2025-05-08T09:15:40,30,0,0,30
2025-05-08T09:48:35,30,0,0,30
2025-05-08T10:21:32,30,0,0,30
2025-05-08T10:54:27,30,0,0,30
2025-05-08T11:27:32,30,0,0,30
2025-05-08T12:00:30,30,0,0,30
2025-05-08T12:33:31,30,0,0,30
2025-05-08T13:06:36,30,0,0,30
2025-05-08T13:39:31,30,0,0,30
2025-05-08T14:12:27,30,0,0,30
2025-05-08T14:45:33,30,0,0,30
2025-05-08T15:18:29,30,0,0,30
2025-05-08T15:51:25,30,0,0,30
2025-05-08T16:24:33,30,0,0,30
2025-05-08T16:57:30,30,0,0,30
2025-05-08T17:30:28,30,0,0,30
2025-05-08T18:03:25,30,0,0,30
2025-05-08T18:36:33,30,0,0,30
2025-05-08T19:09:30,30,0,0,30
2025-05-08T19:42:27,30,0,0,30
2025-05-08T20:15:22,30,0,0,30
2025-05-08T20:48:18,30,0,0,30
2025-05-08T21:21:23,30,0,0,30
2025-05-08T21:54:19,30,0,0,30
2025-05-08T22:27:15,30,0,0,30
2025-05-08T23:00:11,30,0,0,30
2025-05-08T23:33:08,30,0,0,30
2025-05-09T00:06:20,30,0,0,30
2025-05-09T00:39:24,30,0,0,30
2025-05-09T01:12:28,30,0,0,30
2025-05-09T01:45:31,30,0,0,30
2025-05-09T02:18:34,30,0,0,30
2025-05-09T02:51:51,30,0,0,30
2025-05-09T03:24:53,30,0,0,30
2025-05-09T03:58:00,30,0,0,30
2025-05-09T04:47:01,30,0,0,30
2025-05-09T05:20:03,30,0,0,30
2025-05-09T05:53:05,30,0,0,30
2025-05-09T06:26:06,30,0,0,30
2025-05-09T06:59:11,30,0,0,30
2025-05-09T07:32:10,30,0,0,30
2025-05-09T08:05:07,30,0,0,30
2025-05-09T08:38:04,30,0,0,30
2025-05-09T09:11:11,30,0,0,30
2025-05-09T09:44:06,30,0,0,30
2025-05-09T10:17:03,30,0,0,30
2025-05-09T10:49:59,30,0,0,30
2025-05-09T11:22:54,30,0,0,30
2025-05-09T11:55:57,30,0,0,30
2025-05-09T12:29:03,30,0,0,30
2025-05-09T13:01:59,30,0,0,30
2025-05-09T13:34:53,30,0,0,30
2025-05-09T14:07:50,30,0,0,30
2025-05-09T14:40:54,30,0,0,30
2025-05-09T15:13:49,30,0,0,30
2025-05-09T15:46:46,30,0,0,30
2025-05-09T16:19:45,30,0,0,30
2025-05-09T16:52:51,30,0,0,30
2025-05-09T17:25:47,30,0,0,30
2025-05-09T17:58:42,30,0,0,30
2025-05-09T18:31:38,30,0,0,30
2025-05-09T19:04:32,30,0,0,30
2025-05-09T19:37:36,30,0,0,30
2025-05-09T20:10:31,30,0,0,30
2025-05-09T20:43:26,30,0,0,30
2025-05-09T21:16:21,30,0,0,30
2025-05-09T21:49:18,30,0,0,30
2025-05-09T22:22:14,30,0,0,30
2025-05-09T22:55:21,30,0,0,30
2025-05-09T23:28:20,30,0,0,30
2025-05-10T00:01:23,30,0,0,30
2025-05-10T00:35:00,30,0,0,30
2025-05-10T01:08:02,30,0,0,30
2025-05-10T01:41:03,30,0,0,30
2025-05-10T02:14:04,30,0,0,30
2025-05-10T02:47:24,30,0,0,30
2025-05-10T03:20:24,30,0,0,30
2025-05-10T03:53:23,30,0,0,30
2025-05-10T04:48:47,30,0,0,30
2025-05-10T05:21:51,30,0,0,30
2025-05-10T05:54:52,30,0,0,30
2025-05-10T06:27:58,30,0,0,30
2025-05-10T07:01:04,30,0,0,30
2025-05-10T07:34:03,30,0,0,30
2025-05-10T08:07:00,30,0,0,30
2025-05-10T08:40:06,30,0,0,30
2025-05-10T09:13:02,30,0,0,30
2025-05-10T09:45:56,30,0,0,30
2025-05-10T10:18:51,30,0,0,30
2025-05-10T10:51:57,30,0,0,30
2025-05-10T11:25:03,30,0,0,30
2025-05-10T11:58:06,30,0,0,30
2025-05-10T12:31:01,30,0,0,30
2025-05-10T13:03:56,30,0,0,30
2025-05-10T13:36:50,30,0,0,30
2025-05-10T14:09:45,30,0,0,30
2025-05-10T14:42:39,30,0,0,30
2025-05-10T15:15:43,30,0,0,30
2025-05-10T15:48:38,30,0,0,30
2025-05-10T16:21:33,30,0,0,30
2025-05-10T16:54:27,30,0,0,30
2025-05-10T17:27:22,30,0,0,30
2025-05-10T18:00:26,30,0,0,30
2025-05-10T18:33:24,30,0,0,30
2025-05-10T19:06:20,30,0,0,30
2025-05-10T19:39:14,30,0,0,30
2025-05-10T20:12:09,30,0,0,30
2025-05-10T20:45:04,30,0,0,30
2025-05-10T21:17:59,30,0,0,30
2025-05-10T21:51:04,30,0,0,30
2025-05-10T22:23:59,30,0,0,30
2025-05-10T22:56:53,30,0,0,30
2025-05-10T23:29:49,30,0,0,30
2025-05-11T00:02:45,30,0,0,30
2025-05-11T00:35:47,30,0,0,30
2025-05-11T01:08:58,30,0,0,30
2025-05-11T01:42:01,30,0,0,30
2025-05-11T02:15:13,30,0,0,30
2025-05-11T02:48:14,30,0,0,30
2025-05-11T03:21:13,30,0,0,30
2025-05-11T03:54:15,30,0,0,30
2025-05-11T04:40:56,30,0,0,30
2025-05-11T05:14:03,30,0,0,30
2025-05-11T05:47:15,30,0,0,30
2025-05-11T06:20:19,30,0,0,30
2025-05-11T06:53:24,30,0,0,30
2025-05-11T07:26:29,30,0,0,30
2025-05-11T07:59:36,30,0,0,30
2025-05-11T08:32:37,30,0,0,30
2025-05-11T09:05:37,30,0,0,30
2025-05-11T09:38:43,30,0,0,30
2025-05-11T10:11:47,30,0,0,30
2025-05-11T10:44:56,30,0,0,30
2025-05-11T11:18:06,30,0,0,30
2025-05-11T11:51:07,30,0,0,30
2025-05-11T12:24:05,30,0,0,30
2025-05-11T12:57:11,30,0,0,30
2025-05-11T13:30:06,30,0,0,30
2025-05-11T14:03:01,30,0,0,30
2025-05-11T14:35:55,30,0,0,30
2025-05-11T15:08:50,30,0,0,30
2025-05-11T15:41:55,30,0,0,30
2025-05-11T16:14:52,30,0,0,30
2025-05-11T16:47:46,30,0,0,30
2025-05-11T17:20:42,30,0,0,30
2025-05-11T17:53:36,30,0,0,30
2025-05-11T18:26:33,30,0,0,30
2025-05-11T18:59:39,30,0,0,30
2025-05-11T19:32:38,30,0,0,30
2025-05-11T20:05:37,30,0,0,30
2025-05-11T20:38:32,30,0,0,30
2025-05-11T21:11:27,30,0,0,30
2025-05-11T21:44:27,30,0,0,30
2025-05-11T22:17:35,30,0,0,30
2025-05-11T22:50:34,30,0,0,30
2025-05-11T23:23:32,30,0,0,30
2025-05-11T23:56:30,30,0,0,30
2025-05-12T00:29:52,30,0,0,30
2025-05-12T01:03:00,30,0,0,30
2025-05-12T01:36:01,30,0,0,30
2025-05-12T02:09:17,30,0,0,30
2025-05-12T02:42:27,30,0,0,30
2025-05-12T03:15:28,30,0,0,30
2025-05-12T03:48:26,30,0,0,30
2025-05-14T10:28:07,30,0,0,30
2025-05-14T11:01:02,30,0,0,30
2025-05-14T11:33:59,30,0,0,30
2025-05-14T12:06:53,30,0,0,30
2025-05-14T12:40:05,30,0,0,30
2025-05-14T13:13:44,30,0,0,30
2025-05-14T13:46:40,30,0,0,30
2025-05-14T14:19:45,30,0,0,30
2025-05-14T14:52:39,30,0,0,30
2025-05-14T15:25:35,30,0,0,30
2025-05-14T15:58:44,30,0,0,30
2025-05-14T16:31:40,30,0,0,30
2025-05-14T17:04:35,30,0,0,30
2025-05-14T17:37:31,30,0,0,30
2025-05-14T18:10:36,30,0,0,30
2025-05-14T18:43:30,30,0,0,30
2025-05-14T19:16:25,30,0,0,30
2025-05-14T19:49:19,30,0,0,30
2025-05-14T20:22:14,30,0,0,30
2025-05-14T20:55:23,30,0,0,30
2025-05-14T21:28:18,30,0,0,30
2025-05-14T22:01:12,30,0,0,30
2025-05-14T22:34:06,30,0,0,30
2025-05-14T23:07:00,30,0,0,30
2025-05-14T23:39:55,30,0,0,30
2025-05-15T00:13:04,30,0,0,30
2025-05-15T00:46:05,30,0,0,30
2025-05-15T01:19:08,30,0,0,30
2025-05-15T01:52:08,30,0,0,30
2025-05-15T02:25:07,30,0,0,30
2025-05-15T02:58:31,30,0,0,30
2025-05-15T03:31:29,30,0,0,30
2025-05-15T04:04:27,30,0,0,30
