time,enrolled,available,waitlisted,total
2025-02-04T18:55:37,0,30,0,30
2025-02-04T19:26:25,0,30,0,30
2025-02-04T19:57:11,0,30,0,30
2025-02-04T20:28:07,0,30,0,30
2025-02-04T20:58:53,0,30,0,30
2025-02-04T21:29:41,0,30,0,30
2025-02-04T22:00:33,0,30,0,30
2025-02-04T22:31:19,0,30,0,30
2025-02-04T23:02:04,0,30,0,30
2025-02-04T23:33:00,0,30,0,30
2025-02-05T00:03:46,0,30,0,30
2025-02-05T00:34:40,0,30,0,30
2025-02-05T01:05:31,0,30,0,30
2025-02-05T01:36:22,0,30,0,30
2025-02-05T02:07:20,0,30,0,30
2025-02-05T02:38:09,0,30,0,30
2025-02-05T03:09:01,0,30,0,30
2025-02-05T03:39:49,0,30,0,30
2025-02-05T04:40:56,0,30,0,30
2025-02-05T05:11:51,0,30,0,30
2025-02-05T05:42:42,0,30,0,30
2025-02-05T06:13:33,0,30,0,30
2025-02-05T06:44:23,0,30,0,30
2025-02-05T07:15:14,0,30,0,30
2025-02-05T07:46:02,0,30,0,30
2025-02-05T08:16:50,0,30,0,30
2025-02-05T08:47:58,0,30,0,30
2025-02-05T09:18:49,0,30,0,30
2025-02-05T09:49:37,0,30,0,30
2025-02-05T10:20:26,0,30,0,30
2025-02-05T10:51:15,0,30,0,30
2025-02-05T11:22:27,0,30,0,30
2025-02-05T11:53:14,0,30,0,30
2025-02-05T12:24:03,0,30,0,30
2025-02-05T12:55:01,0,30,0,30
2025-02-05T13:25:49,0,30,0,30
2025-02-05T13:56:37,0,30,0,30
2025-02-05T14:27:36,0,30,0,30
2025-02-05T14:58:33,0,30,0,30
2025-02-05T15:29:22,0,30,0,30
2025-02-05T16:00:10,0,30,0,30
2025-02-05T16:30:58,0,30,0,30
2025-02-05T17:01:56,0,30,0,30
2025-02-05T17:32:43,0,30,0,30
2025-02-05T18:03:29,0,30,0,30
2025-02-05T18:34:20,0,30,0,30
2025-02-05T19:05:07,0,30,0,30
2025-02-05T19:35:54,0,30,0,30
2025-02-05T20:06:40,0,30,0,30
2025-02-05T20:37:26,0,30,0,30
2025-02-05T21:08:14,0,30,0,30
2025-02-05T21:39:05,0,30,0,30
2025-02-05T22:09:52,0,30,0,30
2025-02-05T22:41:14,0,30,0,30
2025-02-05T23:12:03,0,30,0,30
2025-02-05T23:42:51,0,30,0,30
2025-02-06T00:13:40,0,30,0,30
2025-02-06T00:44:32,0,30,0,30
2025-02-06T01:15:27,0,30,0,30
2025-02-06T01:46:18,0,30,0,30
2025-02-06T02:17:13,0,30,0,30
2025-02-06T02:48:20,0,30,0,30
2025-02-06T03:19:20,0,30,0,30
2025-02-06T03:50:09,0,30,0,30
2025-02-06T04:42:27,0,30,0,30
2025-02-06T05:13:25,0,30,0,30
2025-02-06T05:44:18,0,30,0,30
2025-02-06T06:15:10,0,30,0,30
2025-02-06T06:46:01,0,30,0,30
2025-02-06T07:16:52,0,30,0,30
2025-02-06T07:47:40,0,30,0,30
2025-02-06T08:18:28,0,30,0,30
2025-02-06T08:49:16,0,30,0,30
2025-02-06T09:20:11,0,30,0,30
2025-02-06T09:50:59,0,30,0,30
2025-02-06T10:21:46,0,30,0,30
2025-02-06T10:52:35,0,30,0,30
2025-02-06T11:23:26,0,30,0,30
2025-02-06T11:54:23,0,30,0,30
2025-02-06T12:25:11,0,30,0,30
2025-02-06T12:56:00,0,30,0,30
2025-02-06T13:27:00,0,30,0,30
2025-02-06T13:57:47,0,30,0,30
2025-02-06T14:28:35,0,30,0,30
2025-02-06T14:59:34,0,30,0,30
2025-02-06T15:30:22,0,30,0,30
2025-02-06T16:01:14,0,30,0,30
2025-02-06T16:32:12,0,30,0,30
2025-02-06T17:03:06,0,30,0,30
2025-02-06T17:34:11,0,30,0,30
2025-02-06T18:05:05,0,30,0,30
2025-02-06T18:36:09,0,30,0,30
2025-02-06T19:07:03,0,30,0,30
2025-02-06T19:38:04,0,30,0,30
2025-02-06T20:08:59,0,30,0,30
2025-02-06T20:39:53,0,30,0,30
2025-02-06T21:10:47,0,30,0,30
2025-02-06T21:41:45,0,30,0,30
2025-02-06T22:12:49,0,30,0,30
2025-02-06T22:43:43,0,30,0,30
2025-02-06T23:14:38,0,30,0,30
2025-02-06T23:45:34,0,30,0,30
2025-02-07T00:16:28,0,30,0,30
2025-02-07T00:47:24,0,30,0,30
2025-02-07T01:18:33,0,30,0,30
2025-02-07T01:49:31,0,30,0,30
2025-02-07T02:20:33,0,30,0,30
2025-02-07T02:51:31,0,30,0,30
2025-02-07T03:22:30,0,30,0,30
2025-02-07T03:53:35,0,30,0,30
2025-02-07T04:51:14,0,30,0,30
2025-02-07T05:22:13,0,30,0,30
2025-02-07T05:53:12,0,30,0,30
2025-02-07T06:24:09,0,30,0,30
2025-02-07T06:55:05,0,30,0,30
2025-02-07T07:26:01,0,30,0,30
2025-02-07T07:56:55,0,30,0,30
2025-02-07T08:27:50,0,30,0,30
2025-02-07T08:59:00,0,30,0,30
2025-02-07T09:29:58,0,30,0,30
2025-02-07T10:01:00,0,30,0,30
2025-02-07T10:32:14,0,30,0,30
2025-02-07T11:03:30,0,30,0,30
2025-02-07T11:34:49,0,30,0,30
2025-02-07T12:06:06,0,30,0,30
2025-02-07T12:37:17,0,30,0,30
2025-02-07T13:09:04,0,30,0,30
2025-02-07T13:40:29,0,30,0,30
2025-02-07T14:12:04,0,30,0,30
2025-02-07T14:43:27,0,30,0,30
2025-02-07T15:14:43,0,30,0,30
2025-02-07T15:46:00,0,30,0,30
2025-02-07T16:17:16,0,30,0,30
2025-02-07T16:48:21,0,30,0,30
2025-02-07T17:19:37,0,30,0,30
2025-02-07T17:50:50,0,30,0,30
2025-02-07T18:21:55,0,30,0,30
2025-02-07T18:53:11,0,30,0,30
2025-02-07T19:24:18,0,30,0,30
2025-02-07T19:55:21,0,30,0,30
2025-02-07T20:26:36,0,30,0,30
2025-02-07T20:57:40,0,30,0,30
2025-02-07T21:28:55,0,30,0,30
2025-02-07T22:00:01,0,30,0,30
2025-02-07T22:31:06,0,30,0,30
2025-02-07T23:02:19,0,30,0,30
2025-02-07T23:33:24,0,30,0,30
2025-02-08T00:04:28,0,30,0,30
2025-02-08T00:35:37,0,30,0,30
2025-02-08T01:06:53,0,30,0,30
2025-02-08T01:38:01,0,30,0,30
2025-02-08T02:09:09,0,30,0,30
2025-02-08T02:40:15,0,30,0,30
2025-02-08T03:11:20,0,30,0,30
2025-02-08T03:42:27,0,30,0,30
2025-02-08T04:48:56,0,30,0,30
2025-02-08T05:20:05,0,30,0,30
2025-02-08T05:51:15,0,30,0,30
2025-02-08T06:22:23,0,30,0,30
2025-02-08T06:53:31,0,30,0,30
2025-02-08T07:24:45,0,30,0,30
2025-02-08T07:55:53,0,30,0,30
2025-02-08T08:27:02,0,30,0,30
2025-02-08T08:58:16,0,30,0,30
2025-02-08T09:29:21,0,30,0,30
2025-02-08T10:00:26,0,30,0,30
2025-02-08T10:31:30,0,30,0,30
2025-02-08T11:02:35,0,30,0,30
2025-02-08T11:33:52,0,30,0,30
2025-02-08T12:04:56,0,30,0,30
2025-02-08T12:36:01,0,30,0,30
2025-02-08T13:07:06,0,30,0,30
2025-02-08T13:38:21,0,30,0,30
2025-02-08T14:09:25,0,30,0,30
2025-02-08T14:40:30,0,30,0,30
2025-02-08T15:11:45,0,30,0,30
2025-02-08T15:42:50,0,30,0,30
2025-02-08T16:13:54,0,30,0,30
2025-02-08T16:44:59,0,30,0,30
2025-02-08T17:16:14,0,30,0,30
2025-02-08T17:47:18,0,30,0,30
2025-02-08T18:18:22,0,30,0,30
2025-02-08T18:49:37,0,30,0,30
2025-02-08T19:20:42,0,30,0,30
2025-02-08T19:51:45,0,30,0,30
2025-02-08T20:22:49,0,30,0,30
2025-02-08T20:53:54,0,30,0,30
2025-02-08T21:25:08,0,30,0,30
2025-02-08T21:56:13,0,30,0,30
2025-02-08T22:27:17,0,30,0,30
2025-02-08T22:58:21,0,30,0,30
2025-02-08T23:29:27,0,30,0,30
2025-02-09T00:00:41,0,30,0,30
2025-02-09T00:31:47,0,30,0,30
2025-02-09T01:02:54,0,30,0,30
2025-02-09T01:33:58,0,30,0,30
2025-02-09T02:05:03,0,30,0,30
2025-02-09T02:36:08,0,30,0,30
2025-02-09T03:07:12,0,30,0,30
2025-02-09T03:38:31,0,30,0,30
2025-02-09T04:11:28,0,30,0,30
2025-02-09T04:47:00,0,30,0,30
2025-02-09T05:18:12,0,30,0,30
2025-02-09T05:49:22,0,30,0,30
2025-02-09T06:20:32,0,30,0,30
2025-02-09T06:51:41,0,30,0,30
2025-02-09T07:22:50,0,30,0,30
2025-02-09T07:55:07,0,30,0,30
2025-02-09T08:26:17,0,30,0,30
2025-02-09T08:57:39,0,30,0,30
2025-02-09T09:28:47,0,30,0,30
2025-02-09T10:00:10,0,30,0,30
2025-02-09T10:31:18,0,30,0,30
2025-02-09T11:02:25,0,30,0,30
2025-02-09T11:33:33,0,30,0,30
2025-02-09T12:04:48,0,30,0,30
2025-02-09T12:35:52,0,30,0,30
2025-02-09T13:06:56,0,30,0,30
2025-02-09T13:38:00,0,30,0,30
2025-02-09T14:09:14,0,30,0,30
2025-02-09T14:40:19,0,30,0,30
2025-02-09T15:11:25,0,30,0,30
2025-02-09T15:42:31,0,30,0,30
2025-02-09T16:13:47,0,30,0,30
2025-02-09T16:44:50,0,30,0,30
2025-02-09T17:15:55,0,30,0,30
2025-02-09T17:47:10,0,30,0,30
2025-02-09T18:18:13,0,30,0,30
2025-02-09T18:49:18,0,30,0,30
2025-02-09T19:20:24,0,30,0,30
2025-02-09T19:51:47,0,30,0,30
2025-02-09T20:22:51,0,30,0,30
2025-02-09T20:53:56,0,30,0,30
2025-02-09T21:25:02,0,30,0,30
2025-02-09T21:56:18,0,30,0,30
2025-02-09T22:27:22,0,30,0,30
2025-02-09T22:58:26,0,30,0,30
2025-02-09T23:29:41,0,30,0,30
2025-02-10T00:00:46,0,30,0,30
2025-02-10T00:31:55,0,30,0,30
2025-02-10T01:03:05,0,30,0,30
2025-02-10T01:34:14,0,30,0,30
2025-02-10T02:05:31,0,30,0,30
2025-02-10T02:36:41,0,30,0,30
2025-02-10T03:07:48,0,30,0,30
2025-02-10T03:38:55,0,30,0,30
2025-02-10T04:42:15,0,30,0,30
2025-02-10T05:13:26,0,30,0,30
2025-02-10T05:44:36,0,30,0,30
2025-02-10T06:15:44,0,30,0,30
2025-02-10T06:46:52,0,30,0,30
2025-02-10T07:17:59,0,30,0,30
2025-02-10T07:49:08,0,30,0,30
2025-02-10T08:20:13,0,30,0,30
2025-02-10T08:51:28,0,30,0,30
2025-02-10T09:22:34,0,30,0,30
2025-02-10T09:53:41,0,30,0,30
2025-02-10T10:24:49,0,30,0,30
2025-02-10T10:56:10,0,30,0,30
2025-02-10T11:27:38,0,30,0,30
2025-02-10T11:58:48,0,30,0,30
2025-02-10T12:30:05,0,30,0,30
2025-02-10T13:03:13,0,30,0,30
2025-02-10T13:38:40,0,30,0,30
2025-02-10T14:12:03,0,30,0,30
2025-02-10T14:43:13,0,30,0,30
2025-02-10T15:14:47,0,30,0,30
2025-02-10T15:45:59,0,30,0,30
2025-02-10T16:17:28,0,30,0,30
2025-02-10T16:48:40,0,30,0,30
2025-02-10T17:20:03,0,30,0,30
2025-02-10T17:51:15,0,30,0,30
2025-02-10T18:22:47,0,30,0,30
2025-02-10T18:53:58,0,30,0,30
2025-02-10T19:25:30,0,30,0,30
2025-02-10T19:56:41,0,30,0,30
2025-02-10T20:27:53,0,30,0,30
2025-02-10T20:59:17,0,30,0,30
2025-02-10T21:30:30,0,30,0,30
2025-02-10T22:01:44,0,30,0,30
2025-02-10T22:32:55,0,30,0,30
2025-02-10T23:04:16,0,30,0,30
2025-02-10T23:35:28,0,30,0,30
2025-02-11T00:06:39,0,30,0,30
2025-02-11T00:38:07,0,30,0,30
2025-02-11T01:09:24,0,30,0,30
2025-02-11T01:40:38,0,30,0,30
2025-02-11T02:11:58,0,30,0,30
2025-02-11T02:43:10,0,30,0,30
2025-02-11T03:14:23,0,30,0,30
2025-02-11T03:45:38,0,30,0,30
2025-02-11T04:16:53,0,30,0,30
2025-02-11T04:52:51,0,30,0,30
2025-02-11T05:24:07,0,30,0,30
2025-02-11T05:55:24,0,30,0,30
2025-02-11T06:26:39,0,30,0,30
2025-02-11T06:57:56,0,30,0,30
2025-02-11T07:29:14,0,30,0,30
2025-02-11T08:00:27,0,30,0,30
2025-02-11T08:31:44,0,30,0,30
2025-02-11T09:03:10,0,30,0,30
2025-02-11T09:34:32,0,30,0,30
2025-02-11T10:05:55,0,30,0,30
2025-02-11T10:37:07,0,30,0,30
2025-02-11T11:08:20,0,30,0,30
2025-02-11T11:39:51,0,30,0,30
2025-02-11T12:11:07,0,30,0,30
2025-02-11T12:42:30,0,30,0,30
2025-02-11T13:13:43,0,30,0,30
2025-02-11T13:45:05,0,30,0,30
2025-02-11T14:16:18,0,30,0,30
2025-02-11T14:47:43,0,30,0,30
2025-02-11T15:19:10,0,30,0,30
2025-02-11T15:50:23,0,30,0,30
2025-02-11T16:21:48,0,30,0,30
2025-02-11T16:53:03,0,30,0,30
2025-02-11T17:24:22,0,30,0,30
2025-02-11T17:55:48,0,30,0,30
2025-02-11T18:27:01,0,30,0,30
2025-02-11T18:58:23,0,30,0,30
2025-02-11T19:29:36,0,30,0,30
2025-02-11T20:00:59,0,30,0,30
2025-02-11T20:32:12,0,30,0,30
2025-02-11T21:03:25,0,30,0,30
2025-02-11T21:34:49,0,30,0,30
2025-02-11T22:06:14,0,30,0,30
2025-02-11T22:37:26,0,30,0,30
2025-02-11T23:08:50,0,30,0,30
2025-02-11T23:40:04,0,30,0,30
2025-02-12T00:11:27,0,30,0,30
2025-02-12T00:42:44,0,30,0,30
2025-02-12T01:14:02,0,30,0,30
2025-02-12T01:45:19,0,30,0,30
2025-02-12T02:16:42,0,30,0,30
2025-02-12T02:48:00,0,30,0,30
2025-02-12T03:19:17,0,30,0,30
2025-02-12T03:50:54,0,30,0,30
2025-02-12T04:48:25,0,30,0,30
2025-02-12T05:20:03,0,30,0,30
2025-02-12T05:51:21,0,30,0,30
2025-02-12T06:22:39,0,30,0,30
2025-02-12T06:53:54,0,30,0,30
2025-02-12T07:25:11,0,30,0,30
2025-02-12T07:56:25,0,30,0,30
2025-02-12T08:27:38,0,30,0,30
2025-02-12T08:58:56,0,30,0,30
2025-02-12T09:30:30,0,30,0,30
2025-02-12T10:01:42,0,30,0,30
2025-02-12T10:32:55,0,30,0,30
2025-02-12T11:04:20,0,30,0,30
2025-02-12T11:35:35,0,30,0,30
2025-02-12T12:07:01,0,30,0,30
2025-02-12T12:38:16,0,30,0,30
2025-02-12T13:09:53,0,30,0,30
2025-02-12T13:41:09,0,30,0,30
2025-02-12T14:12:27,0,30,0,30
2025-02-12T14:43:55,0,30,0,30
2025-02-12T15:15:32,0,30,0,30
2025-02-12T15:46:48,0,30,0,30
2025-02-12T16:18:04,0,30,0,30
2025-02-12T16:49:32,0,30,0,30
2025-02-12T17:20:50,0,30,0,30
2025-02-12T17:52:25,0,30,0,30
2025-02-12T18:23:42,0,30,0,30
2025-02-12T18:54:57,0,30,0,30
2025-02-12T19:26:25,0,30,0,30
2025-02-12T19:57:41,0,30,0,30
2025-02-12T20:28:57,0,30,0,30
2025-02-12T21:00:22,0,30,0,30
2025-02-12T21:31:39,0,30,0,30
2025-02-12T22:02:54,0,30,0,30
2025-02-12T22:34:21,0,30,0,30
2025-02-12T23:05:38,0,30,0,30
2025-02-12T23:36:56,0,30,0,30
2025-02-13T00:08:13,0,30,0,30
2025-02-13T00:39:43,0,30,0,30
2025-02-13T01:11:06,0,30,0,30
2025-02-13T01:42:26,0,30,0,30
2025-02-13T02:13:51,0,30,0,30
2025-02-13T02:45:08,0,30,0,30
2025-02-13T03:16:33,0,30,0,30
2025-02-13T03:47:55,0,30,0,30
2025-02-13T04:52:53,0,30,0,30
2025-02-13T05:24:16,0,30,0,30
2025-02-13T05:55:39,0,30,0,30
2025-02-13T06:26:59,0,30,0,30
2025-02-13T06:58:21,0,30,0,30
2025-02-13T07:29:43,0,30,0,30
2025-02-13T08:01:00,0,30,0,30
2025-02-13T08:32:21,0,30,0,30
2025-02-13T09:03:43,0,30,0,30
2025-02-13T09:35:10,0,30,0,30
2025-02-13T10:06:27,0,30,0,30
2025-02-13T10:37:46,0,30,0,30
2025-02-13T11:09:03,0,30,0,30
2025-02-13T11:40:33,0,30,0,30
2025-02-13T12:11:50,0,30,0,30
2025-02-13T12:43:22,0,30,0,30
2025-02-13T13:14:44,0,30,0,30
2025-02-13T13:46:15,0,30,0,30
2025-02-13T14:17:34,0,30,0,30
2025-02-13T14:49:04,0,30,0,30
2025-02-13T15:20:23,0,30,0,30
2025-02-13T15:51:44,0,30,0,30
2025-02-13T16:23:17,0,30,0,30
2025-02-13T16:54:38,0,30,0,30
2025-02-13T17:25:57,0,30,0,30
2025-02-13T17:57:27,0,30,0,30
2025-02-13T18:28:47,0,30,0,30
2025-02-13T19:00:06,0,30,0,30
2025-02-13T19:31:26,0,30,0,30
2025-02-13T20:02:59,0,30,0,30
2025-02-13T20:34:17,0,30,0,30
2025-02-13T21:05:37,0,30,0,30
2025-02-13T21:37:07,0,30,0,30
2025-02-13T22:08:26,0,30,0,30
2025-02-13T22:39:44,0,30,0,30
2025-02-13T23:11:03,0,30,0,30
2025-02-13T23:42:32,0,30,0,30
2025-02-14T00:13:52,0,30,0,30
2025-02-14T00:45:15,0,30,0,30
2025-02-14T01:16:40,0,30,0,30
2025-02-14T01:48:03,0,30,0,30
2025-02-14T02:19:33,0,30,0,30
2025-02-14T02:51:06,0,30,0,30
2025-02-14T03:22:37,0,30,0,30
2025-02-14T03:54:00,0,30,0,30
2025-02-14T04:43:34,0,30,0,30
2025-02-14T05:14:59,0,30,0,30
2025-02-14T05:46:24,0,30,0,30
2025-02-14T06:17:47,0,30,0,30
2025-02-14T06:49:10,0,30,0,30
2025-02-14T07:20:33,0,30,0,30
2025-02-14T07:51:54,0,30,0,30
2025-02-14T08:23:14,0,30,0,30
2025-02-14T08:54:36,0,30,0,30
2025-02-14T09:26:08,0,30,0,30
2025-02-14T09:57:27,0,30,0,30
2025-02-14T10:28:46,0,30,0,30
2025-02-14T11:00:15,0,30,0,30
2025-02-14T11:31:34,0,30,0,30
2025-02-14T12:03:17,0,30,0,30
2025-02-14T12:35:12,0,30,0,30
2025-02-14T13:06:45,0,30,0,30
2025-02-14T13:38:04,0,30,0,30
2025-02-14T14:09:33,0,30,0,30
2025-02-14T14:40:52,0,30,0,30
2025-02-14T15:12:25,0,30,0,30
2025-02-14T15:43:47,0,30,0,30
2025-02-14T16:15:07,0,30,0,30
2025-02-14T16:46:36,0,30,0,30
2025-02-14T17:17:56,0,30,0,30
2025-02-14T17:49:16,0,30,0,30
2025-02-14T18:20:36,0,30,0,30
2025-02-14T18:52:06,0,30,0,30
2025-02-14T19:23:26,0,30,0,30
2025-02-14T19:54:47,0,30,0,30
2025-02-14T20:26:07,0,30,0,30
2025-02-14T20:57:35,0,30,0,30
2025-02-14T21:28:56,0,30,0,30
2025-02-14T22:00:20,0,30,0,30
2025-02-14T22:31:40,0,30,0,30
2025-02-14T23:03:10,0,30,0,30
2025-02-14T23:34:31,0,30,0,30
2025-02-15T00:07:36,0,30,0,30
2025-02-15T00:39:12,0,30,0,30
2025-02-15T01:10:35,0,30,0,30
2025-02-15T01:41:58,0,30,0,30
2025-02-15T02:13:21,0,30,0,30
2025-02-15T02:44:41,0,30,0,30
2025-02-15T03:16:01,0,30,0,30
2025-02-15T03:47:23,0,30,0,30
2025-02-15T04:45:25,0,30,0,30
2025-02-15T05:16:50,0,30,0,30
2025-02-15T05:48:15,0,30,0,30
2025-02-15T06:19:38,0,30,0,30
2025-02-15T06:51:14,0,30,0,30
2025-02-15T07:22:38,0,30,0,30
2025-02-15T07:54:01,0,30,0,30
2025-02-15T08:25:31,1,29,0,30
2025-02-15T08:56:52,1,29,0,30
2025-02-15T09:28:11,1,29,0,30
2025-02-15T09:59:31,1,29,0,30
2025-02-15T10:31:07,1,29,0,30
2025-02-15T11:02:26,1,29,0,30
2025-02-15T11:33:47,1,29,0,30
2025-02-15T12:05:15,1,29,0,30
2025-02-15T12:36:35,1,29,0,30
2025-02-15T13:07:54,1,29,0,30
2025-02-15T13:39:29,1,29,0,30
2025-02-15T14:10:47,1,29,0,30
2025-02-15T14:42:22,1,29,0,30
2025-02-15T15:13:41,1,29,0,30
2025-02-15T15:45:00,1,29,0,30
2025-02-15T16:16:28,1,29,0,30
2025-02-15T16:47:47,1,29,0,30
2025-02-15T17:19:17,1,29,0,30
2025-02-15T17:50:36,1,29,0,30
2025-02-15T18:21:55,1,29,0,30
2025-02-15T18:53:37,1,29,0,30
2025-02-15T19:24:57,1,29,0,30
2025-02-15T19:56:15,1,29,0,30
2025-02-15T20:27:35,1,29,0,30
2025-02-15T20:59:03,1,29,0,30
2025-02-15T21:30:25,1,29,0,30
2025-02-15T22:01:46,1,29,0,30
2025-02-15T22:33:18,1,29,0,30
2025-02-15T23:04:37,1,29,0,30
2025-02-15T23:35:57,1,29,0,30
2025-02-16T00:07:16,1,29,0,30
2025-02-16T00:38:52,1,29,0,30
2025-02-16T01:43:11,1,29,0,30
2025-02-16T02:14:33,1,29,0,30
2025-02-16T02:45:51,1,29,0,30
2025-02-16T03:17:12,1,29,0,30
2025-02-16T03:48:32,1,29,0,30
2025-02-16T04:42:28,1,29,0,30
2025-02-16T05:14:04,1,29,0,30
2025-02-16T05:45:39,1,29,0,30
2025-02-16T06:17:22,1,29,0,30
2025-02-16T06:48:46,1,29,0,30
2025-02-16T07:20:14,1,29,0,30
2025-02-16T07:51:40,1,29,0,30
2025-02-16T08:23:07,1,29,0,30
2025-02-16T08:54:40,1,29,0,30
2025-02-16T09:26:04,1,29,0,30
2025-02-16T09:57:29,1,29,0,30
2025-02-16T10:28:55,1,29,0,30
2025-02-16T11:00:29,1,29,0,30
2025-02-16T11:31:50,1,29,0,30
2025-02-16T12:03:11,1,29,0,30
2025-02-16T12:34:30,1,29,0,30
2025-02-16T13:05:50,1,29,0,30
2025-02-16T13:37:20,1,29,0,30
2025-02-16T14:08:39,1,29,0,30
2025-02-16T14:39:59,1,29,0,30
2025-02-16T15:11:27,1,29,0,30
2025-02-16T15:42:47,1,29,0,30
2025-02-16T16:14:06,1,29,0,30
2025-02-16T16:45:35,1,29,0,30
2025-02-16T17:16:54,1,29,0,30
2025-02-16T17:48:13,1,29,0,30
2025-02-16T18:19:33,1,29,0,30
2025-02-16T18:51:02,1,29,0,30
2025-02-16T19:22:22,1,29,0,30
2025-02-16T19:53:41,1,29,0,30
2025-02-16T20:25:00,1,29,0,30
2025-02-16T20:56:28,1,29,0,30
2025-02-16T21:27:50,1,29,0,30
2025-02-16T21:59:11,1,29,0,30
2025-02-16T22:30:40,1,29,0,30
2025-02-16T23:01:59,1,29,0,30
2025-02-16T23:33:19,1,29,0,30
2025-02-17T00:04:39,1,29,0,30
2025-02-17T00:36:09,1,29,0,30
2025-02-17T01:07:36,1,29,0,30
2025-02-17T01:38:58,1,29,0,30
2025-02-17T02:10:22,1,29,0,30
2025-02-17T02:41:45,1,29,0,30
2025-02-17T03:13:17,1,29,0,30
2025-02-17T03:44:39,1,29,0,30
2025-02-17T04:42:11,1,29,0,30
2025-02-17T05:13:37,1,29,0,30
2025-02-17T05:45:04,1,29,0,30
2025-02-17T06:16:28,1,29,0,30
2025-02-17T06:47:52,1,29,0,30
2025-02-17T07:19:15,1,29,0,30
2025-02-17T07:50:36,1,29,0,30
2025-02-17T08:22:01,1,29,0,30
2025-02-17T08:53:31,1,29,0,30
2025-02-17T09:24:51,1,29,0,30
2025-02-17T09:56:10,1,29,0,30
2025-02-17T10:27:29,1,29,0,30
2025-02-17T10:58:58,1,29,0,30
2025-02-17T11:30:18,1,29,0,30
2025-02-17T12:01:39,1,29,0,30
2025-02-17T12:33:09,1,29,0,30
2025-02-17T13:04:29,1,29,0,30
2025-02-17T13:35:59,1,29,0,30
2025-02-17T14:07:20,1,29,0,30
2025-02-17T14:38:50,1,29,0,30
2025-02-17T15:10:12,1,29,0,30
2025-02-17T15:41:43,1,29,0,30
2025-02-17T16:13:05,1,29,0,30
2025-02-17T16:44:34,1,29,0,30
2025-02-17T17:16:05,1,29,0,30
2025-02-17T17:47:25,1,29,0,30
2025-02-17T18:18:45,1,29,0,30
2025-02-17T18:50:13,1,29,0,30
2025-02-17T19:21:43,1,29,0,30
2025-02-17T19:53:03,1,29,0,30
2025-02-17T20:24:33,1,29,0,30
2025-02-17T20:55:52,1,29,0,30
2025-02-17T21:27:14,1,29,0,30
2025-02-17T21:58:43,1,29,0,30
2025-02-17T22:30:04,1,29,0,30
2025-02-17T23:01:34,1,29,0,30
2025-02-17T23:32:54,1,29,0,30
2025-02-18T00:04:25,1,29,0,30
2025-02-18T00:35:48,1,29,0,30
2025-02-18T01:07:11,1,29,0,30
2025-02-18T01:38:42,1,29,0,30
2025-02-18T02:10:14,1,29,0,30
2025-02-18T02:41:37,1,29,0,30
2025-02-18T03:12:59,1,29,0,30
2025-02-18T03:44:20,1,29,0,30
2025-02-18T04:15:43,1,29,0,30
2025-02-18T04:53:32,1,29,0,30
2025-02-18T05:24:57,1,29,0,30
2025-02-18T05:56:25,1,29,0,30
2025-02-18T06:27:51,1,29,0,30
2025-02-18T06:59:20,1,29,0,30
2025-02-18T07:30:42,1,29,0,30
2025-02-18T08:02:12,1,29,0,30
2025-02-18T08:33:35,1,29,0,30
2025-02-18T09:04:58,1,29,0,30
2025-02-18T09:36:33,1,29,0,30
2025-02-18T10:07:59,1,29,0,30
2025-02-18T10:39:34,1,29,0,30
2025-02-18T11:11:10,1,29,0,30
2025-02-18T11:42:49,1,29,0,30
2025-02-18T12:14:25,1,29,0,30
2025-02-18T12:46:02,1,29,0,30
2025-02-18T13:17:41,1,29,0,30
2025-02-18T13:49:22,1,29,0,30
2025-02-18T14:21:01,1,29,0,30
2025-02-18T14:52:45,1,29,0,30
2025-02-18T15:24:28,1,29,0,30
2025-02-18T15:56:13,1,29,0,30
2025-02-18T16:28:05,1,29,0,30
2025-02-18T16:59:46,1,29,0,30
2025-02-18T17:31:37,1,29,0,30
2025-02-18T18:03:18,1,29,0,30
2025-02-18T18:34:57,1,29,0,30
2025-02-18T19:06:26,1,29,0,30
2025-02-18T19:38:07,1,29,0,30
2025-02-18T20:24:16,1,29,0,30
2025-02-18T20:55:56,1,29,0,30
2025-02-18T21:27:25,1,29,0,30
2025-02-18T21:59:00,1,29,0,30
2025-02-18T22:30:51,1,29,0,30
2025-02-18T23:02:15,1,29,0,30
2025-02-18T23:33:52,1,29,0,30
2025-02-19T00:05:39,1,29,0,30
2025-02-19T00:37:32,1,29,0,30
2025-02-19T01:09:03,1,29,0,30
2025-02-19T01:40:32,1,29,0,30
2025-02-19T02:12:19,1,29,0,30
2025-02-19T02:43:50,1,29,0,30
2025-02-19T03:15:18,1,29,0,30
2025-02-19T03:46:58,1,29,0,30
2025-02-19T04:46:45,1,29,0,30
2025-02-19T05:18:18,1,29,0,30
2025-02-19T05:49:52,1,29,0,30
2025-02-19T06:21:20,1,29,0,30
2025-02-19T06:52:49,1,29,0,30
2025-02-19T07:24:15,1,29,0,30
2025-02-19T07:55:55,1,29,0,30
2025-02-19T08:27:20,1,29,0,30
2025-02-19T08:58:47,1,29,0,30
2025-02-19T09:30:25,1,29,0,30
2025-02-19T10:02:06,1,29,0,30
2025-02-19T10:33:36,1,29,0,30
2025-02-19T11:05:36,1,29,0,30
2025-02-19T11:37:22,1,29,0,30
2025-02-19T12:09:03,1,29,0,30
2025-02-19T12:40:53,1,29,0,30
2025-02-19T13:12:34,1,29,0,30
2025-02-19T13:44:16,1,29,0,30
2025-02-19T14:15:59,1,29,0,30
2025-02-19T14:48:23,1,29,0,30
2025-02-19T15:20:14,1,29,0,30
2025-02-19T15:51:59,1,29,0,30
2025-02-19T16:24:04,1,29,0,30
2025-02-19T16:55:38,1,29,0,30
2025-02-19T17:27:21,1,29,0,30
2025-02-19T17:59:12,1,29,0,30
2025-02-19T18:30:56,1,29,0,30
2025-02-19T19:02:38,1,29,0,30
2025-02-19T19:34:17,1,29,0,30
2025-02-19T20:05:58,1,29,0,30
2025-02-19T20:37:27,1,29,0,30
2025-02-19T21:09:06,1,29,0,30
2025-02-19T21:40:44,1,29,0,30
2025-02-19T22:12:21,1,29,0,30
2025-02-19T22:43:49,1,29,0,30
2025-02-19T23:15:25,1,29,0,30
2025-02-19T23:46:53,1,29,0,30
2025-02-20T00:18:31,1,29,0,30
2025-02-20T00:50:01,1,29,0,30
2025-02-20T01:21:44,1,29,0,30
2025-02-20T01:53:17,1,29,0,30
2025-02-20T02:24:49,1,29,0,30
2025-02-20T02:56:17,1,29,0,30
2025-02-20T03:27:46,1,29,0,30
2025-02-20T03:59:18,1,29,0,30
2025-02-20T04:44:14,1,29,0,30
2025-02-20T05:15:45,1,29,0,30
2025-02-20T05:47:17,1,29,0,30
2025-02-20T06:18:49,1,29,0,30
2025-02-20T06:50:21,1,29,0,30
2025-02-20T07:21:53,1,29,0,30
2025-02-20T07:53:31,1,29,0,30
2025-02-20T08:24:59,1,29,0,30
2025-02-20T08:56:28,1,29,0,30
2025-02-20T09:28:07,1,29,0,30
2025-02-20T09:59:36,1,29,0,30
2025-02-20T10:31:21,1,29,0,30
2025-02-20T11:03:05,1,29,0,30
2025-02-20T11:34:51,1,29,0,30
2025-02-20T12:06:32,1,29,0,30
2025-02-20T12:38:15,1,29,0,30
2025-02-20T13:09:58,1,29,0,30
2025-02-20T13:41:45,1,29,0,30
2025-02-20T14:13:27,1,29,0,30
2025-02-20T14:45:11,1,29,0,30
2025-02-20T15:16:55,1,29,0,30
2025-02-20T15:48:40,1,29,0,30
2025-02-20T16:20:12,1,29,0,30
2025-02-20T16:51:56,1,29,0,30
2025-02-20T17:23:44,1,29,0,30
2025-02-20T17:55:27,1,29,0,30
2025-02-20T18:26:58,1,29,0,30
2025-02-20T18:58:38,1,29,0,30
2025-02-20T19:30:08,1,29,0,30
2025-02-20T20:01:46,1,29,0,30
2025-02-20T20:33:15,1,29,0,30
2025-02-20T21:04:53,1,29,0,30
2025-02-20T21:36:22,1,29,0,30
2025-02-20T22:08:03,1,29,0,30
2025-02-20T22:39:32,1,29,0,30
2025-02-20T23:11:12,1,29,0,30
2025-02-20T23:42:42,1,29,0,30
2025-02-21T00:14:12,1,29,0,30
2025-02-21T00:45:54,1,29,0,30
2025-02-21T01:17:26,1,29,0,30
2025-02-21T01:48:56,1,29,0,30
2025-02-21T02:20:36,1,29,0,30
2025-02-21T02:52:07,1,29,0,30
2025-02-21T03:23:40,1,29,0,30
2025-02-21T03:55:13,1,29,0,30
2025-02-21T04:53:18,1,29,0,30
2025-02-21T05:24:54,1,29,0,30
2025-02-21T05:56:30,1,29,0,30
2025-02-21T06:28:08,1,29,0,30
2025-02-21T06:59:42,1,29,0,30
2025-02-21T07:31:16,1,29,0,30
2025-02-21T08:02:48,1,29,0,30
2025-02-21T08:34:18,1,29,0,30
2025-02-21T09:06:00,1,29,0,30
2025-02-21T09:37:29,1,29,0,30
2025-02-21T10:08:58,1,29,0,30
2025-02-21T10:40:41,1,29,0,30
2025-02-21T11:12:10,1,29,0,30
2025-02-21T11:43:52,1,29,0,30
2025-02-21T12:15:22,1,29,0,30
2025-02-21T12:47:02,1,29,0,30
2025-02-21T13:18:31,1,29,0,30
2025-02-21T13:50:10,1,29,0,30
2025-02-21T14:21:41,1,29,0,30
2025-02-21T14:53:21,1,29,0,30
2025-02-21T15:24:51,1,29,0,30
2025-02-21T15:56:21,1,29,0,30
2025-02-21T16:28:01,1,29,0,30
2025-02-21T16:59:31,1,29,0,30
2025-02-21T17:31:01,1,29,0,30
2025-02-21T18:02:41,1,29,0,30
2025-02-21T18:34:10,1,29,0,30
2025-02-21T19:05:39,1,29,0,30
2025-02-21T19:37:17,1,29,0,30
2025-02-21T20:08:46,1,29,0,30
2025-02-21T20:40:16,1,29,0,30
2025-02-21T21:11:46,1,29,0,30
2025-02-21T21:43:18,1,29,0,30
2025-02-21T22:14:58,1,29,0,30
2025-02-21T22:46:28,1,29,0,30
2025-02-21T23:17:58,1,29,0,30
2025-02-21T23:49:29,1,29,0,30
2025-02-22T00:21:10,1,29,0,30
2025-02-22T00:52:45,1,29,0,30
2025-02-22T01:24:18,1,29,0,30
2025-02-22T01:55:52,1,29,0,30
2025-02-22T02:27:22,1,29,0,30
2025-02-22T02:58:52,1,29,0,30
2025-02-22T03:30:22,1,29,0,30
2025-02-22T04:04:04,1,29,0,30
2025-02-22T16:49:00,1,29,0,30
2025-02-22T17:20:30,1,29,0,30
2025-02-22T17:52:00,1,29,0,30
2025-02-22T18:23:30,1,29,0,30
2025-02-22T18:55:00,1,29,0,30
2025-02-22T19:26:38,1,29,0,30
2025-02-22T19:58:08,1,29,0,30
2025-02-22T20:29:37,1,29,0,30
2025-02-22T21:01:07,1,29,0,30
2025-02-22T21:32:47,1,29,0,30
2025-02-22T22:04:17,1,29,0,30
2025-02-22T22:35:46,1,29,0,30
2025-02-22T23:07:15,1,29,0,30
2025-02-22T23:38:45,1,29,0,30
2025-02-23T00:10:25,1,29,0,30
2025-02-23T00:41:58,1,29,0,30
2025-02-23T01:13:29,1,29,0,30
2025-02-23T01:44:59,1,29,0,30
2025-02-23T02:16:30,1,29,0,30
2025-02-23T02:48:01,1,29,0,30
2025-02-23T03:19:34,1,29,0,30
2025-02-23T03:51:39,1,29,0,30
2025-02-23T04:46:54,1,29,0,30
2025-02-23T05:47:22,1,29,0,30
2025-02-23T06:18:57,1,29,0,30
2025-02-23T06:50:33,1,29,0,30
2025-02-23T07:22:08,1,29,0,30
2025-02-23T07:53:43,1,29,0,30
2025-02-23T08:25:16,1,29,0,30
2025-02-23T08:56:47,1,29,0,30
2025-02-23T09:28:18,1,29,0,30
2025-02-23T09:59:48,1,29,0,30
2025-02-23T10:31:25,1,29,0,30
2025-02-23T11:02:56,1,29,0,30
2025-02-23T11:34:28,1,29,0,30
2025-02-23T12:06:10,1,29,0,30
2025-02-23T12:37:43,1,29,0,30
2025-02-23T13:09:14,1,29,0,30
2025-02-23T13:40:43,1,29,0,30
2025-02-23T14:12:13,1,29,0,30
2025-02-23T14:43:53,1,29,0,30
2025-02-23T15:15:22,1,29,0,30
2025-02-23T15:47:00,1,29,0,30
2025-02-23T16:18:29,1,29,0,30
2025-02-23T16:49:59,1,29,0,30
2025-02-23T17:21:28,1,29,0,30
2025-02-23T17:53:06,1,29,0,30
2025-02-23T18:24:36,1,29,0,30
2025-02-23T18:56:05,1,29,0,30
2025-02-23T19:27:45,1,29,0,30
2025-02-23T19:59:16,1,29,0,30
2025-02-23T20:30:46,1,29,0,30
2025-02-23T21:02:15,1,29,0,30
2025-02-23T21:33:59,1,29,0,30
2025-02-23T22:05:29,1,29,0,30
2025-02-23T22:36:58,1,29,0,30
2025-02-23T23:08:38,1,29,0,30
2025-02-23T23:40:11,1,29,0,30
2025-02-24T00:12:41,1,29,0,30
2025-02-24T00:44:26,1,29,0,30
2025-02-24T01:16:03,1,29,0,30
2025-02-24T01:47:36,1,29,0,30
2025-02-24T02:19:12,1,29,0,30
2025-02-24T02:50:45,1,29,0,30
2025-02-24T03:22:26,1,29,0,30
2025-02-24T03:53:58,1,29,0,30
2025-02-24T04:49:47,1,29,0,30
2025-02-24T05:21:22,1,29,0,30
2025-02-24T05:53:01,2,28,0,30
2025-02-24T06:24:34,2,28,0,30
2025-02-24T06:56:06,2,28,0,30
2025-02-24T07:27:39,2,28,0,30
2025-02-24T07:59:09,2,28,0,30
2025-02-24T08:30:48,2,28,0,30
2025-02-24T09:02:18,2,28,0,30
2025-02-24T09:33:49,2,28,0,30
2025-02-24T10:05:30,2,28,0,30
2025-02-24T10:37:01,2,28,0,30
2025-02-24T11:08:44,2,28,0,30
2025-02-24T11:40:27,2,28,0,30
2025-02-24T12:12:07,2,28,0,30
2025-02-24T12:43:55,2,28,0,30
2025-02-24T13:15:41,2,28,0,30
2025-02-24T13:47:17,2,28,0,30
2025-02-24T14:19:00,2,28,0,30
2025-02-24T14:50:47,2,28,0,30
2025-02-24T15:22:32,2,28,0,30
2025-02-24T15:54:09,2,28,0,30
2025-02-24T16:25:56,3,27,0,30
2025-02-24T16:57:42,3,27,0,30
2025-02-24T17:29:19,3,27,0,30
2025-02-24T18:01:05,3,27,0,30
2025-02-24T18:32:41,3,27,0,30
2025-02-24T19:04:27,3,27,0,30
2025-02-24T19:36:02,3,27,0,30
2025-02-24T20:07:48,3,27,0,30
2025-02-24T20:39:23,3,27,0,30
2025-02-24T21:11:09,3,27,0,30
2025-02-24T21:42:48,3,27,0,30
2025-02-24T22:14:24,3,27,0,30
2025-02-24T22:46:10,3,27,0,30
2025-02-24T23:17:46,3,27,0,30
2025-02-24T23:49:32,3,27,0,30
2025-02-25T00:21:11,3,27,0,30
2025-02-25T00:52:52,3,27,0,30
2025-02-25T01:24:38,3,27,0,30
2025-02-25T01:56:18,3,27,0,30
2025-02-25T02:28:10,3,27,0,30
2025-02-25T02:59:46,3,27,0,30
2025-02-25T03:31:23,3,27,0,30
2025-02-25T04:03:02,3,27,0,30
2025-02-25T04:41:39,3,27,0,30
2025-02-25T05:13:24,3,27,0,30
2025-02-25T05:45:06,3,27,0,30
2025-02-25T06:16:47,3,27,0,30
2025-02-25T06:48:26,3,27,0,30
2025-02-25T07:20:09,3,27,0,30
2025-02-25T07:51:47,3,27,0,30
2025-02-25T08:23:39,3,27,0,30
2025-02-25T08:55:16,3,27,0,30
2025-02-25T09:26:53,3,27,0,30
2025-02-25T09:58:42,3,27,0,30
2025-02-25T10:30:36,3,27,0,30
2025-02-25T11:02:14,3,27,0,30
2025-02-25T11:34:01,3,27,0,30
2025-02-25T12:05:49,3,27,0,30
2025-02-25T12:37:44,3,27,0,30
2025-02-25T13:09:22,3,27,0,30
2025-02-25T13:41:08,3,27,0,30
2025-02-25T14:13:05,3,27,0,30
2025-02-25T14:44:53,3,27,0,30
2025-02-25T15:16:50,3,27,0,30
2025-02-25T15:48:30,3,27,0,30
2025-02-25T16:20:24,3,27,0,30
2025-02-25T16:52:18,3,27,0,30
2025-02-25T17:24:19,3,27,0,30
2025-02-25T17:56:00,3,27,0,30
2025-02-25T18:27:52,3,27,0,30
2025-02-25T18:59:32,3,27,0,30
2025-02-25T19:31:22,3,27,0,30
2025-02-25T20:03:02,3,27,0,30
2025-02-25T20:34:53,3,27,0,30
2025-02-25T21:06:33,3,27,0,30
2025-02-25T21:38:29,3,27,0,30
2025-02-25T22:10:10,3,27,0,30
2025-02-25T22:42:00,3,27,0,30
2025-02-25T23:13:42,3,27,0,30
2025-02-25T23:45:34,3,27,0,30
2025-02-26T00:17:15,3,27,0,30
2025-02-26T00:48:58,3,27,0,30
2025-02-26T01:20:52,3,27,0,30
2025-02-26T01:52:39,3,27,0,30
2025-02-26T02:24:25,3,27,0,30
2025-02-26T02:56:11,3,27,0,30
2025-02-26T03:27:56,3,27,0,30
2025-02-26T03:59:39,3,27,0,30
2025-02-26T04:51:35,3,27,0,30
2025-02-26T05:23:24,3,27,0,30
2025-02-26T05:55:16,3,27,0,30
2025-02-26T06:27:00,3,27,0,30
2025-02-26T06:58:43,3,27,0,30
2025-02-26T07:30:24,3,27,0,30
2025-02-26T08:02:04,3,27,0,30
2025-02-26T08:33:53,3,27,0,30
2025-02-26T09:05:36,3,27,0,30
2025-02-26T09:37:18,3,27,0,30
2025-02-26T10:09:11,3,27,0,30
2025-02-26T10:41:04,3,27,0,30
2025-02-26T11:12:47,3,27,0,30
2025-02-26T11:44:38,3,27,0,30
2025-02-26T12:16:32,3,27,0,30
2025-02-26T12:48:18,3,27,0,30
2025-02-26T13:20:12,3,27,0,30
2025-02-26T13:52:04,3,27,0,30
2025-02-26T14:23:58,3,27,0,30
2025-02-26T14:55:41,3,27,0,30
2025-02-26T15:27:39,3,27,0,30
2025-02-26T15:59:38,3,27,0,30
2025-02-26T16:31:39,3,27,0,30
2025-02-26T17:03:24,3,27,0,30
2025-02-26T17:35:22,3,27,0,30
2025-02-26T18:07:19,3,27,0,30
2025-02-26T18:39:03,3,27,0,30
2025-02-26T19:10:55,3,27,0,30
2025-02-26T19:42:37,3,27,0,30
2025-02-26T20:14:30,3,27,0,30
2025-02-26T20:46:12,3,27,0,30
2025-02-26T21:18:06,3,27,0,30
2025-02-26T21:50:01,3,27,0,30
2025-02-26T22:21:43,3,27,0,30
2025-02-26T22:53:25,3,27,0,30
2025-02-26T23:25:19,3,27,0,30
2025-02-26T23:57:02,3,27,0,30
2025-02-27T00:28:47,3,27,0,30
2025-02-27T01:00:44,3,27,0,30
2025-02-27T01:32:28,3,27,0,30
2025-02-27T02:04:18,3,27,0,30
2025-02-27T02:36:01,3,27,0,30
2025-02-27T03:07:44,3,27,0,30
2025-02-27T03:39:37,3,27,0,30
2025-02-27T04:11:24,3,27,0,30
2025-02-27T04:47:54,3,27,0,30
2025-02-27T05:21:26,3,27,0,30
2025-02-27T05:53:16,3,27,0,30
2025-02-27T06:25:05,3,27,0,30
2025-02-27T06:56:52,3,27,0,30
2025-02-27T07:28:46,3,27,0,30
2025-02-27T08:00:31,3,27,0,30
2025-02-27T08:32:15,3,27,0,30
2025-02-27T09:03:57,3,27,0,30
2025-02-27T09:35:52,3,27,0,30
2025-02-27T10:07:36,3,27,0,30
2025-02-27T10:39:32,3,27,0,30
2025-02-27T11:11:27,3,27,0,30
2025-02-27T11:43:23,3,27,0,30
2025-02-27T12:15:20,3,27,0,30
2025-02-27T12:47:09,3,27,0,30
2025-02-27T13:19:03,3,27,0,30
2025-02-27T13:51:00,3,27,0,30
2025-02-27T14:23:00,3,27,0,30
2025-02-27T14:55:01,3,27,0,30
2025-02-27T15:26:51,3,27,0,30
2025-02-27T15:58:52,3,27,0,30
2025-02-27T16:30:55,3,27,0,30
2025-02-27T17:02:57,3,27,0,30
2025-02-27T17:34:48,3,27,0,30
2025-02-27T18:06:48,3,27,0,30
2025-02-27T18:38:47,3,27,0,30
2025-02-27T19:10:36,3,27,0,30
2025-02-27T19:42:33,3,27,0,30
2025-02-27T20:14:31,3,27,0,30
2025-02-27T20:46:20,3,27,0,30
2025-02-27T21:18:18,3,27,0,30
2025-02-27T21:50:06,3,27,0,30
2025-02-27T22:21:55,3,27,0,30
2025-02-27T22:53:55,3,27,0,30
2025-02-27T23:25:44,3,27,0,30
2025-02-27T23:57:44,3,27,0,30
2025-02-28T00:29:35,3,27,0,30
2025-02-28T01:01:28,3,27,0,30
2025-02-28T01:33:20,3,27,0,30
2025-02-28T02:05:24,3,27,0,30
2025-02-28T02:37:14,3,27,0,30
2025-02-28T03:09:04,3,27,0,30
2025-02-28T03:40:53,3,27,0,30
2025-02-28T04:15:06,3,27,0,30
2025-02-28T04:51:29,3,27,0,30
2025-02-28T05:23:23,3,27,0,30
2025-02-28T05:55:19,3,27,0,30
2025-02-28T06:27:13,3,27,0,30
2025-02-28T06:59:04,3,27,0,30
2025-02-28T07:30:55,3,27,0,30
2025-02-28T08:02:56,3,27,0,30
2025-02-28T08:34:46,3,27,0,30
2025-02-28T09:06:37,3,27,0,30
2025-02-28T09:38:37,3,27,0,30
2025-02-28T10:10:28,3,27,0,30
2025-02-28T10:42:30,3,27,0,30
2025-02-28T11:14:33,3,27,0,30
2025-02-28T11:46:24,3,27,0,30
2025-02-28T12:18:28,3,27,0,30
2025-02-28T12:50:30,3,27,0,30
2025-02-28T13:22:32,3,27,0,30
2025-02-28T13:54:25,3,27,0,30
2025-02-28T14:26:29,3,27,0,30
2025-02-28T14:58:31,3,27,0,30
2025-02-28T15:30:37,3,27,0,30
2025-02-28T16:32:24,3,27,0,30
2025-02-28T17:04:27,3,27,0,30
2025-02-28T17:36:18,3,27,0,30
2025-02-28T18:08:20,3,27,0,30
2025-02-28T18:40:09,3,27,0,30
2025-02-28T19:12:07,3,27,0,30
2025-02-28T19:43:56,3,27,0,30
2025-02-28T20:15:53,3,27,0,30
2025-02-28T20:47:42,3,27,0,30
2025-02-28T21:19:32,3,27,0,30
2025-02-28T21:51:30,3,27,0,30
2025-02-28T22:23:19,3,27,0,30
2025-02-28T22:55:16,3,27,0,30
2025-02-28T23:27:07,3,27,0,30
2025-02-28T23:58:59,3,27,0,30
2025-03-01T00:31:07,3,27,0,30
2025-03-01T01:03:03,3,27,0,30
2025-03-01T01:34:57,3,27,0,30
2025-03-01T02:06:51,3,27,0,30
2025-03-01T02:38:41,3,27,0,30
2025-03-01T03:10:30,3,27,0,30
2025-03-01T03:42:30,3,27,0,30
2025-03-01T04:51:31,3,27,0,30
2025-03-01T05:23:27,3,27,0,30
2025-03-01T05:55:22,3,27,0,30
2025-03-01T06:27:16,3,27,0,30
2025-03-01T06:59:11,3,27,0,30
2025-03-01T07:31:07,3,27,0,30
2025-03-01T08:03:09,3,27,0,30
2025-03-01T08:35:06,3,27,0,30
2025-03-01T09:06:56,3,27,0,30
2025-03-01T09:38:46,3,27,0,30
2025-03-01T10:10:44,3,27,0,30
2025-03-01T10:42:34,3,27,0,30
2025-03-01T11:14:24,3,27,0,30
2025-03-01T11:46:24,3,27,0,30
2025-03-01T12:18:13,3,27,0,30
2025-03-01T12:50:12,3,27,0,30
2025-03-01T13:22:01,3,27,0,30
2025-03-01T13:53:49,3,27,0,30
2025-03-01T14:25:47,3,27,0,30
2025-03-01T14:57:36,3,27,0,30
2025-03-01T15:29:25,3,27,0,30
2025-03-01T16:01:22,3,27,0,30
2025-03-01T16:33:12,3,27,0,30
2025-03-01T17:05:01,3,27,0,30
2025-03-01T17:36:59,3,27,0,30
2025-03-01T18:08:48,3,27,0,30
2025-03-01T18:40:37,3,27,0,30
2025-03-01T19:12:36,3,27,0,30
2025-03-01T19:44:23,3,27,0,30
2025-03-01T20:16:12,3,27,0,30
2025-03-01T20:48:00,3,27,0,30
2025-03-01T21:19:50,3,27,0,30
2025-03-01T21:51:46,3,27,0,30
2025-03-01T22:23:36,3,27,0,30
2025-03-01T22:55:25,3,27,0,30
2025-03-01T23:27:17,3,27,0,30
2025-03-01T23:59:06,3,27,0,30
2025-03-02T00:31:08,3,27,0,30
2025-03-02T01:03:02,3,27,0,30
2025-03-02T01:34:53,3,27,0,30
2025-03-02T02:06:48,3,27,0,30
2025-03-02T02:38:44,3,27,0,30
2025-03-02T03:10:36,3,27,0,30
2025-03-02T03:42:30,3,27,0,30
2025-03-02T04:48:26,3,27,0,30
2025-03-02T05:20:21,3,27,0,30
2025-03-02T05:52:16,3,27,0,30
2025-03-02T06:24:12,3,27,0,30
2025-03-02T06:56:06,3,27,0,30
2025-03-02T07:27:58,3,27,0,30
2025-03-02T07:59:49,3,27,0,30
2025-03-02T08:31:50,3,27,0,30
2025-03-02T09:03:42,3,27,0,30
2025-03-02T09:35:36,3,27,0,30
2025-03-02T10:07:29,3,27,0,30
2025-03-02T10:39:22,3,27,0,30
2025-03-02T11:11:22,3,27,0,30
2025-03-02T11:43:15,3,27,0,30
2025-03-02T12:15:05,3,27,0,30
2025-03-02T12:46:55,3,27,0,30
2025-03-02T13:18:44,3,27,0,30
2025-03-02T13:50:43,3,27,0,30
2025-03-02T14:22:32,3,27,0,30
2025-03-02T14:54:22,3,27,0,30
2025-03-02T15:26:23,3,27,0,30
2025-03-02T15:58:13,3,27,0,30
2025-03-02T16:30:02,3,27,0,30
2025-03-02T17:02:01,3,27,0,30
2025-03-02T17:33:53,3,27,0,30
2025-03-02T18:05:42,3,27,0,30
2025-03-02T18:37:32,3,27,0,30
2025-03-02T19:09:29,3,27,0,30
2025-03-02T19:41:17,3,27,0,30
2025-03-02T20:13:06,3,27,0,30
2025-03-02T20:45:04,3,27,0,30
2025-03-02T21:16:57,3,27,0,30
2025-03-02T21:48:51,3,27,0,30
2025-03-02T22:20:40,3,27,0,30
2025-03-02T22:52:40,3,27,0,30
2025-03-02T23:24:29,3,27,0,30
2025-03-02T23:56:18,3,27,0,30
2025-03-03T00:28:21,3,27,0,30
2025-03-03T01:00:13,3,27,0,30
2025-03-03T01:32:03,3,27,0,30
2025-03-03T02:03:55,3,27,0,30
2025-03-03T02:35:47,3,27,0,30
2025-03-03T03:07:42,3,27,0,30
2025-03-03T03:39:45,3,27,0,30
2025-03-03T04:13:34,3,27,0,30
2025-03-03T04:52:24,3,27,0,30
2025-03-03T05:24:20,3,27,0,30
2025-03-03T05:56:20,3,27,0,30
2025-03-03T06:28:14,3,27,0,30
2025-03-03T07:00:12,3,27,0,30
2025-03-03T07:32:07,3,27,0,30
2025-03-03T08:03:57,3,27,0,30
2025-03-03T08:35:58,3,27,0,30
2025-03-03T09:07:49,3,27,0,30
2025-03-03T09:39:40,3,27,0,30
2025-03-03T10:11:40,3,27,0,30
2025-03-03T10:43:30,3,27,0,30
2025-03-03T11:15:29,3,27,0,30
2025-03-03T11:47:21,3,27,0,30
2025-03-03T12:19:29,3,27,0,30
2025-03-03T12:51:36,3,27,0,30
2025-03-03T13:23:26,3,27,0,30
2025-03-03T13:55:26,3,27,0,30
2025-03-03T14:27:20,3,27,0,30
2025-03-03T14:59:24,3,27,0,30
2025-03-03T15:31:28,3,27,0,30
2025-03-03T16:03:19,3,27,0,30
2025-03-03T16:35:19,3,27,0,30
2025-03-03T17:07:09,3,27,0,30
2025-03-03T17:39:01,3,27,0,30
2025-03-03T18:11:01,3,27,0,30
2025-03-03T18:42:51,3,27,0,30
2025-03-03T19:14:52,3,27,0,30
2025-03-03T19:46:42,3,27,0,30
2025-03-03T20:18:32,3,27,0,30
2025-03-03T20:50:32,3,27,0,30
2025-03-03T21:22:23,3,27,0,30
2025-03-03T21:54:13,3,27,0,30
2025-03-03T22:26:13,3,27,0,30
2025-03-03T22:58:05,3,27,0,30
2025-03-03T23:29:57,3,27,0,30
2025-03-04T00:01:57,3,27,0,30
2025-03-04T00:33:51,3,27,0,30
2025-03-04T01:05:47,3,27,0,30
2025-03-04T01:37:41,3,27,0,30
2025-03-04T02:09:39,3,27,0,30
2025-03-04T02:41:31,3,27,0,30
2025-03-04T03:13:33,3,27,0,30
2025-03-04T03:45:25,3,27,0,30
2025-03-04T04:46:29,3,27,0,30
2025-03-04T05:18:26,3,27,0,30
2025-03-04T05:50:22,3,27,0,30
2025-03-04T06:22:16,3,27,0,30
2025-03-04T06:54:10,3,27,0,30
2025-03-04T07:26:05,3,27,0,30
2025-03-04T07:57:57,3,27,0,30
2025-03-04T08:29:58,3,27,0,30
2025-03-04T09:01:50,3,27,0,30
2025-03-04T09:33:42,3,27,0,30
2025-03-04T10:05:47,3,27,0,30
2025-03-04T10:37:42,3,27,0,30
2025-03-04T11:09:37,3,27,0,30
2025-03-04T11:41:47,3,27,0,30
2025-03-04T12:13:54,3,27,0,30
2025-03-04T12:45:48,3,27,0,30
2025-03-04T13:17:53,3,27,0,30
2025-03-04T13:49:45,3,27,0,30
2025-03-04T14:21:50,3,27,0,30
2025-03-04T14:53:45,3,27,0,30
2025-03-04T15:25:49,3,27,0,30
2025-03-04T15:57:43,3,27,0,30
2025-03-04T16:29:45,3,27,0,30
2025-03-04T17:01:37,3,27,0,30
2025-03-04T17:33:42,3,27,0,30
2025-03-04T18:05:34,3,27,0,30
2025-03-04T18:37:37,3,27,0,30
2025-03-04T19:09:29,3,27,0,30
2025-03-04T19:41:30,3,27,0,30
2025-03-04T20:13:22,3,27,0,30
2025-03-04T20:45:23,3,27,0,30
2025-03-04T21:17:17,3,27,0,30
2025-03-04T21:49:10,3,27,0,30
2025-03-04T22:21:16,3,27,0,30
2025-03-04T22:53:08,3,27,0,30
2025-03-04T23:25:01,3,27,0,30
2025-03-04T23:56:53,3,27,0,30
2025-03-05T00:28:58,3,27,0,30
2025-03-05T01:00:56,3,27,0,30
2025-03-05T01:32:52,3,27,0,30
2025-03-05T02:04:56,3,27,0,30
2025-03-05T02:36:52,3,27,0,30
2025-03-05T03:08:47,3,27,0,30
2025-03-05T03:40:42,3,27,0,30
2025-03-05T04:47:49,3,27,0,30
2025-03-05T05:19:52,3,27,0,30
2025-03-05T05:51:54,3,27,0,30
2025-03-05T06:23:50,3,27,0,30
2025-03-05T06:55:46,3,27,0,30
2025-03-05T07:27:41,3,27,0,30
2025-03-05T07:59:45,3,27,0,30
2025-03-05T08:31:39,3,27,0,30
2025-03-05T09:03:34,3,27,0,30
2025-03-05T09:35:27,3,27,0,30
2025-03-05T10:07:31,3,27,0,30
2025-03-05T10:39:25,3,27,0,30
2025-03-05T11:11:32,3,27,0,30
2025-03-05T11:43:28,3,27,0,30
2025-03-05T12:15:31,3,27,0,30
2025-03-05T12:47:26,3,27,0,30
2025-03-05T13:19:30,3,27,0,30
2025-03-05T13:51:23,3,27,0,30
2025-03-05T14:23:34,3,27,0,30
2025-03-05T14:55:42,3,27,0,30
2025-03-05T15:27:37,3,27,0,30
2025-03-05T15:59:44,3,27,0,30
2025-03-05T16:31:42,3,27,0,30
2025-03-05T17:03:48,3,27,0,30
2025-03-05T17:35:44,3,27,0,30
2025-03-05T18:07:39,3,27,0,30
2025-03-05T18:39:45,3,27,0,30
2025-03-05T19:11:40,3,27,0,30
2025-03-05T19:43:35,3,27,0,30
2025-03-05T20:15:47,3,27,0,30
2025-03-05T20:47:42,3,27,0,30
2025-03-05T21:19:36,3,27,0,30
2025-03-05T21:51:31,3,27,0,30
2025-03-05T22:23:35,3,27,0,30
2025-03-05T22:55:30,3,27,0,30
2025-03-05T23:27:27,3,27,0,30
2025-03-05T23:59:22,3,27,0,30
2025-03-06T00:31:29,3,27,0,30
2025-03-06T01:03:31,3,27,0,30
2025-03-06T01:35:29,3,27,0,30
2025-03-06T02:07:29,3,27,0,30
2025-03-06T02:39:26,3,27,0,30
2025-03-06T03:11:22,3,27,0,30
2025-03-06T03:43:18,3,27,0,30
2025-03-06T04:48:17,3,27,0,30
2025-03-06T05:20:23,3,27,0,30
2025-03-06T05:52:25,3,27,0,30
2025-03-06T06:24:29,3,27,0,30
2025-03-06T06:56:29,3,27,0,30
2025-03-06T07:28:29,3,27,0,30
2025-03-06T08:00:37,3,27,0,30
2025-03-06T08:32:34,3,27,0,30
2025-03-06T09:04:30,3,27,0,30
2025-03-06T09:36:29,3,27,0,30
2025-03-06T10:08:27,3,27,0,30
2025-03-06T10:40:35,3,27,0,30
2025-03-06T11:12:33,3,27,0,30
2025-03-06T11:44:42,3,27,0,30
2025-03-06T12:16:40,3,27,0,30
2025-03-06T12:48:46,3,27,0,30
2025-03-06T13:20:44,3,27,0,30
2025-03-06T13:52:39,3,27,0,30
2025-03-06T14:25:04,3,27,0,30
2025-03-06T14:57:06,3,27,0,30
2025-03-06T15:29:20,3,27,0,30
2025-03-06T16:01:33,3,27,0,30
2025-03-06T16:33:56,3,27,0,30
2025-03-06T17:06:09,3,27,0,30
2025-03-06T17:38:31,3,27,0,30
2025-03-06T18:10:46,3,27,0,30
2025-03-06T18:43:02,3,27,0,30
2025-03-06T19:15:15,3,27,0,30
2025-03-06T19:47:36,3,27,0,30
2025-03-06T20:19:49,3,27,0,30
2025-03-06T20:52:01,3,27,0,30
2025-03-06T21:24:25,3,27,0,30
2025-03-06T21:56:39,3,27,0,30
2025-03-06T22:28:52,3,27,0,30
2025-03-06T23:01:08,3,27,0,30
2025-03-06T23:33:33,3,27,0,30
2025-03-07T00:05:46,3,27,0,30
2025-03-07T00:38:04,3,27,0,30
2025-03-07T01:10:24,3,27,0,30
2025-03-07T01:42:43,3,27,0,30
2025-03-07T02:15:10,3,27,0,30
2025-03-07T02:47:29,3,27,0,30
2025-03-07T03:19:49,3,27,0,30
2025-03-07T03:52:08,3,27,0,30
2025-03-07T04:44:41,3,27,0,30
2025-03-07T05:17:02,3,27,0,30
2025-03-07T05:49:25,3,27,0,30
2025-03-07T06:21:54,3,27,0,30
2025-03-07T06:54:11,3,27,0,30
2025-03-07T07:26:36,3,27,0,30
2025-03-07T07:58:50,3,27,0,30
2025-03-07T08:31:05,3,27,0,30
2025-03-07T09:03:25,3,27,0,30
2025-03-07T09:35:39,3,27,0,30
2025-03-07T10:07:53,3,27,0,30
2025-03-07T10:40:23,3,27,0,30
2025-03-07T11:12:37,3,27,0,30
2025-03-07T11:45:03,3,27,0,30
2025-03-07T12:17:17,3,27,0,30
2025-03-07T12:49:31,3,27,0,30
2025-03-07T13:21:55,3,27,0,30
2025-03-07T13:54:09,3,27,0,30
2025-03-07T14:26:25,3,27,0,30
2025-03-07T14:58:53,3,27,0,30
2025-03-07T15:31:09,3,27,0,30
2025-03-07T16:03:25,3,27,0,30
2025-03-07T16:35:55,3,27,0,30
2025-03-07T17:08:09,3,27,0,30
2025-03-07T17:40:39,3,27,0,30
2025-03-07T18:12:54,3,27,0,30
2025-03-07T18:45:08,3,27,0,30
2025-03-07T19:17:23,3,27,0,30
2025-03-07T19:49:46,3,27,0,30
2025-03-07T20:22:02,3,27,0,30
2025-03-07T20:54:16,3,27,0,30
2025-03-07T21:26:31,3,27,0,30
2025-03-07T21:58:55,3,27,0,30
2025-03-07T22:31:11,3,27,0,30
2025-03-07T23:03:28,3,27,0,30
2025-03-07T23:35:47,3,27,0,30
2025-03-08T00:08:20,3,27,0,30
2025-03-08T00:40:41,3,27,0,30
2025-03-08T01:13:01,3,27,0,30
2025-03-08T01:45:19,3,27,0,30
2025-03-08T02:17:36,3,27,0,30
2025-03-08T02:49:52,3,27,0,30
2025-03-08T03:22:08,3,27,0,30
2025-03-08T03:54:37,3,27,0,30
2025-03-08T04:48:44,3,27,0,30
2025-03-08T05:21:05,3,27,0,30
2025-03-08T05:53:25,3,27,0,30
2025-03-08T06:25:44,3,27,0,30
2025-03-08T06:58:02,3,27,0,30
2025-03-08T07:30:24,3,27,0,30
2025-03-08T08:02:43,3,27,0,30
2025-03-08T08:35:12,3,27,0,30
2025-03-08T09:07:32,3,27,0,30
2025-03-08T09:39:50,3,27,0,30
2025-03-08T10:12:05,3,27,0,30
2025-03-08T10:44:21,3,27,0,30
2025-03-08T11:16:39,3,27,0,30
2025-03-08T11:49:04,3,27,0,30
2025-03-08T12:21:20,3,27,0,30
2025-03-08T12:53:35,3,27,0,30
2025-03-08T13:25:50,3,27,0,30
2025-03-08T13:58:05,3,27,0,30
2025-03-08T14:30:30,3,27,0,30
2025-03-08T15:02:45,3,27,0,30
2025-03-08T15:35:01,3,27,0,30
2025-03-08T16:07:16,3,27,0,30
2025-03-08T16:39:41,3,27,0,30
2025-03-08T17:11:56,3,27,0,30
2025-03-08T17:44:12,3,27,0,30
2025-03-08T18:16:28,3,27,0,30
2025-03-08T18:48:43,3,27,0,30
2025-03-08T19:21:08,3,27,0,30
2025-03-08T19:53:23,3,27,0,30
2025-03-08T20:25:38,3,27,0,30
2025-03-08T20:57:54,3,27,0,30
2025-03-08T21:30:18,3,27,0,30
2025-03-08T22:02:33,3,27,0,30
2025-03-08T22:34:49,3,27,0,30
2025-03-08T23:07:06,3,27,0,30
2025-03-08T23:39:23,3,27,0,30
2025-03-09T00:11:41,3,27,0,30
2025-03-09T00:44:08,3,27,0,30
2025-03-09T01:16:24,3,27,0,30
2025-03-09T01:48:41,3,27,0,30
2025-03-09T03:20:56,3,27,0,30
2025-03-09T03:53:14,3,27,0,30
2025-03-09T04:51:33,3,27,0,30
2025-03-09T05:23:55,3,27,0,30
2025-03-09T05:56:17,3,27,0,30
2025-03-09T06:28:41,3,27,0,30
2025-03-09T07:01:02,3,27,0,30
2025-03-09T07:33:24,3,27,0,30
2025-03-09T08:05:43,3,27,0,30
2025-03-09T08:38:03,3,27,0,30
2025-03-09T09:10:22,3,27,0,30
2025-03-09T09:42:49,3,27,0,30
2025-03-09T10:15:11,3,27,0,30
2025-03-09T10:47:30,3,27,0,30
2025-03-09T11:19:51,3,27,0,30
2025-03-09T11:52:08,3,27,0,30
2025-03-09T12:24:35,3,27,0,30
2025-03-09T12:56:50,3,27,0,30
2025-03-09T13:29:07,3,27,0,30
2025-03-09T14:01:22,3,27,0,30
2025-03-09T14:33:37,3,27,0,30
2025-03-09T15:06:00,3,27,0,30
2025-03-09T15:38:16,3,27,0,30
2025-03-09T16:10:31,3,27,0,30
2025-03-09T16:42:46,3,27,0,30
2025-03-09T17:15:12,3,27,0,30
2025-03-09T17:47:27,3,27,0,30
2025-03-09T18:19:43,3,27,0,30
2025-03-09T18:52:04,3,27,0,30
2025-03-09T19:24:31,3,27,0,30
2025-03-09T19:56:50,3,27,0,30
2025-03-09T20:29:06,3,27,0,30
2025-03-09T21:01:21,3,27,0,30
2025-03-09T21:33:45,3,27,0,30
2025-03-09T22:06:02,3,27,0,30
2025-03-09T22:38:22,3,27,0,30
2025-03-09T23:10:47,3,27,0,30
2025-03-09T23:43:13,3,27,0,30
2025-03-10T00:15:29,3,27,0,30
2025-03-10T00:47:47,3,27,0,30
2025-03-10T01:20:08,3,27,0,30
2025-03-10T01:52:27,3,27,0,30
2025-03-10T02:24:56,3,27,0,30
2025-03-10T02:57:13,3,27,0,30
2025-03-10T03:29:32,3,27,0,30
2025-03-10T04:01:52,3,27,0,30
2025-03-10T04:53:46,3,27,0,30
2025-03-10T05:26:08,3,27,0,30
2025-03-10T05:58:30,3,27,0,30
2025-03-10T06:30:56,3,27,0,30
2025-03-10T07:03:18,3,27,0,30
2025-03-10T07:35:34,3,27,0,30
2025-03-10T08:07:50,3,27,0,30
2025-03-10T08:40:17,3,27,0,30
2025-03-10T09:12:52,3,27,0,30
2025-03-10T09:45:09,3,27,0,30
2025-03-10T10:17:29,3,27,0,30
2025-03-10T10:49:56,3,27,0,30
2025-03-10T11:22:20,3,27,0,30
2025-03-10T11:54:49,3,27,0,30
2025-03-10T12:27:09,3,27,0,30
2025-03-10T12:59:36,3,27,0,30
2025-03-10T13:31:54,3,27,0,30
2025-03-10T14:04:11,3,27,0,30
2025-03-10T14:36:40,3,27,0,30
2025-03-10T15:08:57,3,27,0,30
2025-03-10T15:41:27,3,27,0,30
2025-03-10T16:13:45,3,27,0,30
2025-03-10T16:46:12,3,27,0,30
2025-03-10T17:18:29,3,27,0,30
2025-03-10T17:50:57,3,27,0,30
2025-03-10T18:23:14,3,27,0,30
2025-03-10T18:55:31,3,27,0,30
2025-03-10T19:27:58,3,27,0,30
2025-03-10T20:00:15,3,27,0,30
2025-03-10T20:32:31,3,27,0,30
2025-03-10T21:04:58,3,27,0,30
2025-03-10T21:37:15,3,27,0,30
2025-03-10T22:09:32,3,27,0,30
2025-03-10T22:42:01,3,27,0,30
2025-03-10T23:14:20,3,27,0,30
2025-03-10T23:46:41,3,27,0,30
2025-03-11T00:19:12,3,27,0,30
2025-03-11T00:51:39,3,27,0,30
2025-03-11T01:24:01,3,27,0,30
2025-03-11T01:56:20,3,27,0,30
2025-03-11T02:28:40,3,27,0,30
2025-03-11T03:01:09,3,27,0,30
2025-03-11T03:33:28,3,27,0,30
2025-03-11T04:05:51,3,27,0,30
2025-03-11T04:46:26,3,27,0,30
2025-03-11T05:18:50,3,27,0,30
2025-03-11T05:51:15,3,27,0,30
2025-03-11T06:23:37,3,27,0,30
2025-03-11T06:55:59,3,27,0,30
2025-03-11T07:28:20,3,27,0,30
2025-03-11T08:00:42,3,27,0,30
2025-03-11T08:33:11,3,27,0,30
2025-03-11T09:05:28,3,27,0,30
2025-03-11T09:37:47,3,27,0,30
2025-03-11T10:10:04,3,27,0,30
2025-03-11T10:42:33,3,27,0,30
2025-03-11T11:14:50,3,27,0,30
2025-03-11T11:47:10,3,27,0,30
2025-03-11T12:19:38,3,27,0,30
2025-03-11T12:51:56,3,27,0,30
2025-03-11T13:24:27,3,27,0,30
2025-03-11T13:56:46,3,27,0,30
2025-03-11T14:29:04,3,27,0,30
2025-03-11T15:01:32,3,27,0,30
2025-03-11T15:34:02,3,27,0,30
2025-03-11T16:06:20,3,27,0,30
2025-03-11T16:38:39,3,27,0,30
2025-03-11T17:11:08,3,27,0,30
2025-03-11T17:43:26,3,27,0,30
2025-03-11T18:15:55,3,27,0,30
2025-03-11T18:48:13,3,27,0,30
2025-03-11T19:20:31,3,27,0,30
2025-03-11T19:52:48,3,27,0,30
2025-03-11T20:25:16,3,27,0,30
2025-03-11T20:57:34,3,27,0,30
2025-03-11T21:29:52,3,27,0,30
2025-03-11T22:02:19,3,27,0,30
2025-03-11T22:34:37,3,27,0,30
2025-03-11T23:06:57,3,27,0,30
2025-03-11T23:40:20,3,27,0,30
2025-03-12T00:12:39,3,27,0,30
2025-03-12T00:45:03,3,27,0,30
2025-03-12T01:17:29,3,27,0,30
2025-03-12T01:49:52,3,27,0,30
2025-03-12T02:22:24,3,27,0,30
2025-03-12T02:54:46,3,27,0,30
2025-03-12T03:27:07,3,27,0,30
2025-03-12T03:59:32,3,27,0,30
2025-03-12T04:45:53,3,27,0,30
2025-03-12T05:18:16,3,27,0,30
2025-03-12T05:50:40,3,27,0,30
2025-03-12T06:23:02,3,27,0,30
2025-03-12T06:55:27,3,27,0,30
2025-03-12T07:27:48,3,27,0,30
2025-03-12T08:00:08,3,27,0,30
2025-03-12T08:32:29,3,27,0,30
2025-03-12T09:04:47,3,27,0,30
2025-03-12T09:37:15,3,27,0,30
2025-03-12T10:09:33,3,27,0,30
2025-03-12T10:41:50,3,27,0,30
2025-03-12T11:14:21,3,27,0,30
2025-03-12T11:46:41,3,27,0,30
2025-03-12T12:18:59,3,27,0,30
2025-03-12T12:51:29,3,27,0,30
2025-03-12T13:23:48,3,27,0,30
2025-03-12T13:56:24,3,27,0,30
2025-03-12T14:28:45,3,27,0,30
2025-03-12T15:01:17,3,27,0,30
2025-03-12T15:33:37,3,27,0,30
2025-03-12T16:06:08,3,27,0,30
2025-03-12T16:38:27,3,27,0,30
2025-03-12T17:10:49,3,27,0,30
2025-03-12T17:43:19,3,27,0,30
2025-03-12T18:15:39,3,27,0,30
2025-03-12T18:47:59,3,27,0,30
2025-03-12T19:20:32,3,27,0,30
2025-03-12T19:52:52,3,27,0,30
2025-03-12T20:25:12,3,27,0,30
2025-03-12T20:57:41,3,27,0,30
2025-03-12T21:30:00,3,27,0,30
2025-03-12T22:02:19,3,27,0,30
2025-03-12T22:34:39,3,27,0,30
2025-03-12T23:07:12,3,27,0,30
2025-03-12T23:39:35,3,27,0,30
2025-03-13T00:11:57,3,27,0,30
2025-03-13T00:44:21,3,27,0,30
2025-03-13T01:16:49,3,27,0,30
2025-03-13T01:49:22,3,27,0,30
2025-03-13T02:21:45,3,27,0,30
2025-03-13T02:54:05,3,27,0,30
2025-03-13T03:26:27,3,27,0,30
2025-03-13T03:58:51,3,27,0,30
2025-03-13T04:53:46,3,27,0,30
2025-03-13T05:26:12,3,27,0,30
2025-03-13T05:58:39,3,27,0,30
2025-03-13T06:31:03,3,27,0,30
2025-03-13T07:03:29,3,27,0,30
2025-03-13T07:35:52,3,27,0,30
2025-03-13T08:08:13,3,27,0,30
2025-03-13T08:40:36,3,27,0,30
2025-03-13T09:13:05,3,27,0,30
2025-03-13T09:45:24,3,27,0,30
2025-03-13T10:17:45,3,27,0,30
2025-03-13T10:50:05,3,27,0,30
2025-03-13T11:22:37,3,27,0,30
2025-03-13T11:54:58,3,27,0,30
2025-03-13T12:27:19,3,27,0,30
2025-03-13T12:59:50,3,27,0,30
2025-03-13T13:32:11,3,27,0,30
2025-03-13T14:04:32,3,27,0,30
2025-03-13T14:37:04,3,27,0,30
2025-03-13T15:09:24,3,27,0,30
2025-03-13T15:41:55,3,27,0,30
2025-03-13T16:14:15,3,27,0,30
2025-03-13T16:46:45,3,27,0,30
2025-03-13T17:19:06,3,27,0,30
2025-03-13T17:51:38,3,27,0,30
2025-03-13T18:23:59,3,27,0,30
2025-03-13T18:56:20,3,27,0,30
2025-03-13T19:28:51,3,27,0,30
2025-03-13T20:01:11,3,27,0,30
2025-03-13T20:33:30,3,27,0,30
2025-03-13T21:05:50,3,27,0,30
2025-03-13T21:38:20,3,27,0,30
2025-03-13T22:10:41,3,27,0,30
2025-03-13T22:43:01,3,27,0,30
2025-03-13T23:15:31,3,27,0,30
2025-03-13T23:47:52,3,27,0,30
2025-03-14T00:20:17,3,27,0,30
2025-03-14T00:52:42,3,27,0,30
2025-03-14T01:25:19,3,27,0,30
2025-03-14T01:57:44,3,27,0,30
2025-03-14T02:30:09,3,27,0,30
2025-03-14T03:02:35,3,27,0,30
2025-03-14T03:34:59,3,27,0,30
2025-03-14T04:07:26,3,27,0,30
2025-03-14T04:53:02,3,27,0,30
2025-03-14T05:25:31,3,27,0,30
2025-03-14T05:57:58,3,27,0,30
2025-03-14T06:30:24,3,27,0,30
2025-03-14T07:02:49,3,27,0,30
2025-03-14T07:35:11,3,27,0,30
2025-03-14T08:07:31,3,27,0,30
2025-03-14T08:39:52,3,27,0,30
2025-03-14T09:12:22,3,27,0,30
2025-03-14T09:44:42,3,27,0,30
2025-03-14T10:17:02,3,27,0,30
2025-03-14T10:49:23,3,27,0,30
2025-03-14T11:21:56,3,27,0,30
2025-03-14T11:54:16,3,27,0,30
2025-03-14T12:26:47,3,27,0,30
2025-03-14T12:59:07,3,27,0,30
2025-03-14T13:31:39,3,27,0,30
2025-03-14T14:04:02,3,27,0,30
2025-03-14T14:36:22,3,27,0,30
2025-03-14T15:08:55,3,27,0,30
2025-03-14T15:41:17,3,27,0,30
2025-03-14T16:13:50,3,27,0,30
2025-03-14T16:46:12,3,27,0,30
2025-03-14T17:18:45,3,27,0,30
2025-03-14T17:51:06,3,27,0,30
2025-03-14T18:23:28,3,27,0,30
2025-03-14T18:56:00,3,27,0,30
2025-03-14T19:28:22,3,27,0,30
2025-03-14T20:00:43,3,27,0,30
2025-03-14T20:33:16,3,27,0,30
2025-03-14T21:05:37,3,27,0,30
2025-03-14T21:37:59,3,27,0,30
2025-03-14T22:10:30,3,27,0,30
2025-03-14T22:42:52,3,27,0,30
2025-03-14T23:15:16,3,27,0,30
2025-03-14T23:47:51,3,27,0,30
2025-03-15T00:20:16,3,27,0,30
2025-03-15T00:52:42,3,27,0,30
2025-03-15T01:25:07,3,27,0,30
2025-03-15T01:57:34,3,27,0,30
2025-03-15T02:30:07,3,27,0,30
2025-03-15T03:02:28,3,27,0,30
2025-03-15T03:34:51,3,27,0,30
2025-03-15T04:07:16,3,27,0,30
2025-03-15T04:57:53,3,27,0,30
2025-03-15T05:30:21,3,27,0,30
2025-03-15T06:02:49,3,27,0,30
2025-03-15T06:35:17,3,27,0,30
2025-03-15T07:07:41,3,27,0,30
2025-03-15T07:40:15,3,27,0,30
2025-03-15T08:12:41,3,27,0,30
2025-03-15T08:45:09,3,27,0,30
2025-03-15T09:17:36,3,27,0,30
2025-03-15T09:50:17,3,27,0,30
2025-03-15T10:22:40,3,27,0,30
2025-03-15T10:55:01,3,27,0,30
2025-03-15T11:27:23,3,27,0,30
2025-03-15T11:59:45,3,27,0,30
2025-03-15T12:32:19,3,27,0,30
2025-03-15T13:04:42,3,27,0,30
2025-03-15T13:37:03,3,27,0,30
2025-03-15T14:09:43,3,27,0,30
2025-03-15T14:42:06,3,27,0,30
2025-03-15T15:14:28,3,27,0,30
2025-03-15T15:47:01,3,27,0,30
2025-03-15T16:19:23,3,27,0,30
2025-03-15T16:51:44,3,27,0,30
2025-03-15T17:24:15,3,27,0,30
2025-03-15T17:56:37,3,27,0,30
2025-03-15T18:28:59,3,27,0,30
2025-03-15T19:01:21,3,27,0,30
2025-03-15T19:33:59,3,27,0,30
2025-03-15T20:06:20,3,27,0,30
2025-03-15T20:38:41,3,27,0,30
2025-03-15T21:11:02,3,27,0,30
2025-03-15T21:43:32,3,27,0,30
2025-03-15T22:15:54,3,27,0,30
2025-03-15T22:48:17,3,27,0,30
2025-03-15T23:20:42,3,27,0,30
2025-03-15T23:53:23,3,27,0,30
2025-03-16T00:25:46,3,27,0,30
2025-03-16T01:10:20,3,27,0,30
2025-03-16T01:42:47,3,27,0,30
2025-03-16T02:15:41,3,27,0,30
2025-03-16T02:48:07,3,27,0,30
2025-03-16T03:20:33,3,27,0,30
2025-03-16T03:52:59,3,27,0,30
2025-03-16T04:47:27,3,27,0,30
2025-03-16T05:19:55,3,27,0,30
2025-03-16T05:52:23,3,27,0,30
2025-03-16T06:24:49,3,27,0,30
2025-03-16T06:57:17,3,27,0,30
2025-03-16T07:29:39,3,27,0,30
2025-03-16T08:02:09,3,27,0,30
2025-03-16T08:34:32,3,27,0,30
2025-03-16T09:06:57,3,27,0,30
2025-03-16T09:39:21,3,27,0,30
2025-03-16T10:11:43,3,27,0,30
2025-03-16T10:44:06,3,27,0,30
2025-03-16T11:16:29,3,27,0,30
2025-03-16T11:49:04,3,27,0,30
2025-03-16T12:21:32,3,27,0,30
2025-03-16T12:53:54,3,27,0,30
2025-03-16T13:26:15,3,27,0,30
2025-03-16T13:58:46,3,27,0,30
2025-03-16T14:31:07,3,27,0,30
2025-03-16T15:03:28,3,27,0,30
2025-03-16T15:35:59,3,27,0,30
2025-03-16T16:08:21,3,27,0,30
2025-03-16T16:40:43,3,27,0,30
2025-03-16T17:13:04,3,27,0,30
2025-03-16T17:45:34,3,27,0,30
2025-03-16T18:17:55,3,27,0,30
2025-03-16T18:50:17,3,27,0,30
2025-03-16T19:22:47,3,27,0,30
2025-03-16T19:55:09,3,27,0,30
2025-03-16T20:27:31,3,27,0,30
2025-03-16T20:59:57,3,27,0,30
2025-03-16T21:32:31,3,27,0,30
2025-03-16T22:04:56,3,27,0,30
2025-03-16T22:37:23,3,27,0,30
2025-03-16T23:09:58,3,27,0,30
2025-03-16T23:42:23,3,27,0,30
2025-03-17T00:14:49,3,27,0,30
2025-03-17T00:47:33,3,27,0,30
2025-03-17T01:20:02,3,27,0,30
2025-03-17T01:52:31,3,27,0,30
2025-03-17T02:25:07,3,27,0,30
2025-03-17T02:57:34,3,27,0,30
2025-03-17T03:29:58,3,27,0,30
2025-03-17T04:02:25,3,27,0,30
2025-03-17T04:52:52,3,27,0,30
2025-03-17T05:25:20,3,27,0,30
2025-03-17T05:57:48,3,27,0,30
2025-03-17T06:30:16,3,27,0,30
2025-03-17T07:02:45,3,27,0,30
2025-03-17T07:35:09,3,27,0,30
2025-03-17T08:07:41,3,27,0,30
2025-03-17T08:40:06,3,27,0,30
2025-03-17T09:12:29,3,27,0,30
2025-03-17T09:44:51,3,27,0,30
2025-03-17T10:17:25,3,27,0,30
2025-03-17T10:49:48,3,27,0,30
2025-03-17T11:22:12,3,27,0,30
2025-03-17T11:54:49,3,27,0,30
2025-03-17T12:27:38,3,27,0,30
2025-03-17T13:00:02,3,27,0,30
2025-03-17T13:32:41,3,27,0,30
2025-03-17T14:05:06,3,27,0,30
2025-03-17T14:37:41,3,27,0,30
2025-03-17T15:10:07,3,27,0,30
2025-03-17T15:42:44,3,27,0,30
2025-03-17T16:15:08,3,27,0,30
2025-03-17T16:47:43,3,27,0,30
2025-03-17T17:20:08,3,27,0,30
2025-03-17T17:52:42,3,27,0,30
2025-03-17T18:25:07,3,27,0,30
2025-03-17T18:57:30,3,27,0,30
2025-03-17T19:30:06,3,27,0,30
2025-03-17T20:02:30,3,27,0,30
2025-03-17T20:34:54,3,27,0,30
2025-03-17T21:07:27,3,27,0,30
2025-03-17T21:39:50,3,27,0,30
2025-03-17T22:12:14,3,27,0,30
2025-03-17T22:44:39,3,27,0,30
2025-03-17T23:17:18,3,27,0,30
2025-03-17T23:49:43,3,27,0,30
2025-03-18T00:22:08,3,27,0,30
2025-03-18T00:54:50,3,27,0,30
2025-03-18T01:27:21,3,27,0,30
2025-03-18T01:59:48,3,27,0,30
2025-03-18T02:32:13,3,27,0,30
2025-03-18T03:04:41,3,27,0,30
2025-03-18T03:37:06,3,27,0,30
2025-03-18T04:09:33,3,27,0,30
2025-03-18T04:46:14,3,27,0,30
2025-03-18T05:18:43,3,27,0,30
2025-03-18T05:51:13,3,27,0,30
2025-03-18T06:23:41,3,27,0,30
2025-03-18T06:56:12,3,27,0,30
2025-03-18T07:28:40,3,27,0,30
2025-03-18T08:01:26,3,27,0,30
2025-03-18T08:33:52,3,27,0,30
2025-03-18T09:06:18,3,27,0,30
2025-03-18T09:38:43,3,27,0,30
2025-03-18T10:11:18,3,27,0,30
2025-03-18T10:43:42,3,27,0,30
2025-03-18T11:16:15,3,27,0,30
2025-03-18T11:48:58,3,27,0,30
2025-03-18T12:21:51,3,27,0,30
2025-03-18T12:54:30,3,27,0,30
2025-03-18T13:27:03,3,27,0,30
2025-03-18T13:59:48,3,27,0,30
2025-03-18T14:32:22,3,27,0,30
2025-03-18T15:05:00,4,26,0,30
2025-03-18T15:37:36,4,26,0,30
2025-03-18T16:10:11,4,26,0,30
2025-03-18T16:42:36,4,26,0,30
2025-03-18T17:15:02,4,26,0,30
2025-03-18T17:47:46,4,26,0,30
2025-03-18T18:20:12,4,26,0,30
2025-03-18T18:52:38,4,26,0,30
2025-03-18T19:25:13,4,26,0,30
2025-03-18T19:57:39,4,26,0,30
2025-03-18T20:30:08,4,26,0,30
2025-03-18T21:02:45,4,26,0,30
2025-03-18T21:35:11,4,26,0,30
2025-03-18T22:07:38,4,26,0,30
2025-03-18T22:40:32,4,26,0,30
2025-03-18T23:12:57,4,26,0,30
2025-03-18T23:45:23,4,26,0,30
2025-03-19T00:18:02,4,26,0,30
2025-03-19T00:50:32,4,26,0,30
2025-03-19T01:23:03,4,26,0,30
2025-03-19T01:55:33,4,26,0,30
2025-03-19T02:28:17,4,26,0,30
2025-03-19T03:00:44,4,26,0,30
2025-03-19T03:33:14,4,26,0,30
2025-03-19T04:05:50,4,26,0,30
2025-03-19T04:46:30,4,26,0,30
2025-03-19T05:19:03,4,26,0,30
2025-03-19T05:51:34,4,26,0,30
2025-03-19T06:24:03,4,26,0,30
2025-03-19T06:56:36,4,26,0,30
2025-03-19T07:29:05,4,26,0,30
2025-03-19T08:01:31,4,26,0,30
2025-03-19T08:34:10,4,26,0,30
2025-03-19T09:06:36,4,26,0,30
2025-03-19T09:39:05,4,26,0,30
2025-03-19T10:11:44,4,26,0,30
2025-03-19T10:44:13,4,26,0,30
2025-03-19T11:16:43,4,26,0,30
2025-03-19T11:49:23,4,26,0,30
2025-03-19T12:21:51,4,26,0,30
2025-03-19T12:54:28,4,26,0,30
2025-03-19T13:26:55,4,26,0,30
2025-03-19T13:59:24,4,26,0,30
2025-03-19T14:32:04,4,26,0,30
2025-03-19T15:04:35,4,26,0,30
2025-03-19T15:37:12,4,26,0,30
2025-03-19T16:09:45,4,26,0,30
2025-03-19T16:42:19,4,26,0,30
2025-03-19T17:15:03,4,26,0,30
2025-03-19T17:47:30,4,26,0,30
2025-03-19T18:19:57,4,26,0,30
2025-03-19T18:52:33,4,26,0,30
2025-03-19T19:25:00,4,26,0,30
2025-03-19T19:57:27,4,26,0,30
2025-03-19T20:30:04,4,26,0,30
2025-03-19T21:02:33,4,26,0,30
2025-03-19T21:35:01,4,26,0,30
2025-03-19T22:07:42,4,26,0,30
2025-03-19T22:40:09,4,26,0,30
2025-03-19T23:12:42,4,26,0,30
2025-03-19T23:45:23,4,26,0,30
2025-03-20T00:17:53,4,26,0,30
2025-03-20T00:50:29,4,26,0,30
2025-03-20T01:23:00,4,26,0,30
2025-03-20T01:55:39,4,26,0,30
2025-03-20T02:28:09,4,26,0,30
2025-03-20T03:00:38,4,26,0,30
2025-03-20T03:33:06,4,26,0,30
2025-03-20T04:05:38,4,26,0,30
2025-03-20T04:43:35,4,26,0,30
2025-03-20T05:16:09,4,26,0,30
2025-03-20T05:48:41,4,26,0,30
2025-03-20T06:21:11,4,26,0,30
2025-03-20T06:53:45,4,26,0,30
2025-03-20T07:26:16,4,26,0,30
2025-03-20T07:58:44,4,26,0,30
2025-03-20T08:31:23,4,26,0,30
2025-03-20T09:03:52,4,26,0,30
2025-03-20T09:36:21,4,26,0,30
2025-03-20T10:08:59,4,26,0,30
2025-03-20T10:41:28,4,26,0,30
2025-03-20T11:14:08,4,26,0,30
2025-03-20T11:46:39,4,26,0,30
2025-03-20T12:19:10,4,26,0,30
2025-03-20T12:51:52,4,26,0,30
2025-03-20T13:24:21,4,26,0,30
2025-03-20T13:57:04,4,26,0,30
2025-03-20T14:29:47,4,26,0,30
2025-03-20T15:02:29,4,26,0,30
2025-03-20T15:35:01,4,26,0,30
2025-03-20T16:07:41,4,26,0,30
2025-03-20T16:40:09,4,26,0,30
2025-03-20T17:12:48,4,26,0,30
2025-03-20T17:45:16,4,26,0,30
2025-03-20T18:17:55,4,26,0,30
2025-03-20T18:50:23,5,25,0,30
2025-03-20T19:22:51,5,25,0,30
2025-03-20T19:55:28,5,25,0,30
2025-03-20T20:27:56,5,25,0,30
2025-03-20T21:00:26,5,25,0,30
2025-03-20T21:33:08,5,25,0,30
2025-03-20T22:05:37,5,25,0,30
2025-03-20T22:38:07,5,25,0,30
2025-03-20T23:10:48,5,25,0,30
2025-03-20T23:43:18,5,25,0,30
2025-03-21T00:16:00,5,25,0,30
2025-03-21T00:48:32,5,25,0,30
2025-03-21T01:21:05,5,25,0,30
2025-03-21T01:53:41,5,25,0,30
2025-03-21T02:26:12,5,25,0,30
2025-03-21T02:59:01,5,25,0,30
2025-03-21T03:31:53,5,25,0,30
2025-03-21T04:04:35,5,25,0,30
2025-03-21T04:41:50,5,25,0,30
2025-03-21T05:14:26,5,25,0,30
2025-03-21T05:46:59,5,25,0,30
2025-03-21T06:19:33,5,25,0,30
2025-03-21T06:52:10,5,25,0,30
2025-03-21T07:24:53,5,25,0,30
2025-03-21T07:57:34,5,25,0,30
2025-03-21T08:30:04,5,25,0,30
2025-03-21T09:02:35,5,25,0,30
2025-03-21T09:35:06,5,25,0,30
2025-03-21T10:07:47,6,24,0,30
2025-03-21T10:40:17,6,24,0,30
2025-03-21T11:12:49,6,24,0,30
2025-03-21T11:45:32,6,24,0,30
2025-03-21T12:18:04,6,24,0,30
2025-03-21T12:50:46,6,24,0,30
2025-03-21T13:23:18,6,24,0,30
2025-03-21T13:55:49,6,24,0,30
2025-03-21T14:28:31,6,24,0,30
2025-03-21T15:01:04,6,24,0,30
2025-03-21T15:33:45,6,24,0,30
2025-03-21T16:06:16,6,24,0,30
2025-03-21T16:38:47,6,24,0,30
2025-03-21T17:11:28,6,24,0,30
2025-03-21T17:44:00,6,24,0,30
2025-03-21T18:16:43,6,24,0,30
2025-03-21T18:49:15,6,24,0,30
2025-03-21T19:21:45,6,24,0,30
2025-03-21T19:54:26,6,24,0,30
2025-03-21T20:26:56,6,24,0,30
2025-03-21T20:59:27,6,24,0,30
2025-03-21T21:31:58,6,24,0,30
2025-03-21T22:04:40,6,24,0,30
2025-03-21T22:37:12,6,24,0,30
2025-03-21T23:09:48,6,24,0,30
2025-03-21T23:42:32,6,24,0,30
2025-03-22T00:15:06,6,24,0,30
2025-03-22T00:47:41,6,24,0,30
2025-03-22T01:20:28,6,24,0,30
2025-03-22T01:53:02,6,24,0,30
2025-03-22T02:25:33,6,24,0,30
2025-03-22T02:58:04,6,24,0,30
2025-03-22T03:30:37,6,24,0,30
2025-03-22T04:03:23,6,24,0,30
2025-03-22T20:52:32,6,24,0,30
2025-03-22T21:25:04,6,24,0,30
2025-03-22T21:57:38,6,24,0,30
2025-03-22T22:30:21,6,24,0,30
2025-03-22T23:02:56,6,24,0,30
2025-03-22T23:35:28,6,24,0,30
2025-03-23T00:08:11,6,24,0,30
2025-03-23T00:40:47,6,24,0,30
2025-03-23T01:13:23,6,24,0,30
2025-03-23T01:45:55,6,24,0,30
2025-03-23T02:18:37,6,24,0,30
2025-03-23T02:51:10,6,24,0,30
2025-03-23T03:23:49,6,24,0,30
2025-03-23T03:56:46,6,24,0,30
2025-03-23T04:49:20,6,24,0,30
2025-03-23T05:22:00,6,24,0,30
2025-03-23T05:54:38,6,24,0,30
2025-03-23T06:27:17,6,24,0,30
2025-03-23T06:59:56,6,24,0,30
2025-03-23T07:32:33,6,24,0,30
2025-03-23T08:05:10,6,24,0,30
2025-03-23T08:37:49,6,24,0,30
2025-03-23T09:10:34,6,24,0,30
2025-03-23T09:43:07,6,24,0,30
2025-03-23T10:15:42,6,24,0,30
2025-03-23T10:48:19,6,24,0,30
2025-03-23T11:21:07,6,24,0,30
2025-03-23T11:53:42,6,24,0,30
2025-03-23T12:26:17,6,24,0,30
2025-03-23T12:58:57,6,24,0,30
2025-03-23T13:31:29,6,24,0,30
2025-03-23T14:04:11,6,24,0,30
2025-03-23T14:37:17,6,24,0,30
2025-03-23T15:10:49,6,24,0,30
2025-03-23T15:43:55,6,24,0,30
2025-03-23T16:16:45,6,24,0,30
2025-03-23T16:49:44,6,24,0,30
2025-03-23T17:22:26,6,24,0,30
2025-03-23T17:54:58,6,24,0,30
2025-03-23T18:27:32,6,24,0,30
2025-03-23T19:00:15,6,24,0,30
2025-03-23T19:32:48,6,24,0,30
2025-03-23T20:05:34,6,24,0,30
2025-03-23T20:38:07,6,24,0,30
2025-03-23T21:10:42,6,24,0,30
2025-03-23T21:43:26,6,24,0,30
2025-03-23T22:16:04,6,24,0,30
2025-03-23T22:48:36,6,24,0,30
2025-03-23T23:21:20,6,24,0,30
2025-03-23T23:53:54,6,24,0,30
2025-03-24T00:26:32,6,24,0,30
2025-03-24T00:59:21,6,24,0,30
2025-03-24T01:31:57,6,24,0,30
2025-03-24T02:04:33,6,24,0,30
2025-03-24T02:37:10,6,24,0,30
2025-03-24T03:09:55,6,24,0,30
2025-03-24T03:42:30,6,24,0,30
2025-03-24T04:15:52,6,24,0,30
2025-03-24T04:54:15,6,24,0,30
2025-03-24T05:26:52,6,24,0,30
2025-03-24T05:59:29,6,24,0,30
2025-03-24T06:32:09,6,24,0,30
2025-03-24T07:04:49,6,24,0,30
2025-03-24T07:37:25,6,24,0,30
2025-03-24T08:10:14,6,24,0,30
2025-03-24T08:42:53,6,24,0,30
2025-03-24T09:15:28,6,24,0,30
2025-03-24T09:48:11,6,24,0,30
2025-03-24T10:20:45,6,24,0,30
2025-03-24T10:53:29,6,24,0,30
2025-03-24T11:26:03,6,24,0,30
2025-03-24T11:58:47,6,24,0,30
2025-03-24T12:31:33,6,24,0,30
2025-03-24T13:04:05,6,24,0,30
2025-03-24T13:36:48,6,24,0,30
2025-03-24T14:09:22,6,24,0,30
2025-03-24T14:42:07,6,24,0,30
2025-03-24T15:14:52,6,24,0,30
2025-03-24T15:47:38,5,25,0,30
2025-03-24T16:20:15,5,25,0,30
2025-03-24T16:52:59,5,25,0,30
2025-03-24T17:25:47,5,25,0,30
2025-03-24T17:58:21,5,25,0,30
2025-03-24T18:31:09,5,25,0,30
2025-03-24T19:03:41,5,25,0,30
2025-03-24T19:36:28,5,25,0,30
2025-03-24T20:09:03,5,25,0,30
2025-03-24T20:41:46,5,25,0,30
2025-03-24T21:14:24,5,25,0,30
2025-03-24T21:47:09,5,25,0,30
2025-03-24T22:19:45,5,25,0,30
2025-03-24T22:52:32,5,25,0,30
2025-03-24T23:25:08,5,25,0,30
2025-03-24T23:57:54,5,25,0,30
2025-03-25T00:30:37,5,25,0,30
2025-03-25T01:03:15,5,25,0,30
2025-03-25T01:36:04,5,25,0,30
2025-03-25T02:08:43,5,25,0,30
2025-03-25T02:41:20,5,25,0,30
2025-03-25T03:14:09,5,25,0,30
2025-03-25T03:46:46,5,25,0,30
2025-03-25T04:45:41,5,25,0,30
2025-03-25T05:18:22,5,25,0,30
2025-03-25T05:50:59,5,25,0,30
2025-03-25T06:23:35,5,25,0,30
2025-03-25T06:56:10,5,25,0,30
2025-03-25T07:28:57,5,25,0,30
2025-03-25T08:01:33,5,25,0,30
2025-03-25T08:34:12,5,25,0,30
2025-03-25T09:07:03,5,25,0,30
2025-03-25T09:39:37,5,25,0,30
2025-03-25T10:12:26,5,25,0,30
2025-03-25T10:45:06,5,25,0,30
2025-03-25T11:17:55,5,25,0,30
2025-03-25T11:50:40,5,25,0,30
2025-03-25T12:23:28,5,25,0,30
2025-03-25T12:56:11,5,25,0,30
2025-03-25T13:28:45,5,25,0,30
2025-03-25T14:01:29,5,25,0,30
2025-03-25T14:34:16,5,25,0,30
2025-03-25T15:07:06,5,25,0,30
2025-03-25T15:39:51,5,25,0,30
2025-03-25T16:12:36,5,25,0,30
2025-03-25T16:45:11,5,25,0,30
2025-03-25T17:17:57,5,25,0,30
2025-03-25T17:50:41,5,25,0,30
2025-03-25T18:23:14,5,25,0,30
2025-03-25T18:55:59,5,25,0,30
2025-03-25T19:28:45,5,25,0,30
2025-03-25T20:01:30,5,25,0,30
2025-03-25T20:34:05,5,25,0,30
2025-03-25T21:06:49,5,25,0,30
2025-03-25T21:39:35,5,25,0,30
2025-03-25T22:12:08,5,25,0,30
2025-03-25T22:44:56,5,25,0,30
2025-03-25T23:17:30,5,25,0,30
2025-03-25T23:50:18,5,25,0,30
2025-03-26T00:23:30,5,25,0,30
2025-03-26T00:56:11,5,25,0,30
2025-03-26T01:29:08,5,25,0,30
2025-03-26T02:01:56,5,25,0,30
2025-03-26T02:34:45,5,25,0,30
2025-03-26T03:07:36,5,25,0,30
2025-03-26T03:40:14,5,25,0,30
2025-03-26T04:13:02,5,25,0,30
2025-03-26T04:51:54,5,25,0,30
2025-03-26T05:24:35,5,25,0,30
2025-03-26T05:57:14,5,25,0,30
2025-03-26T06:29:59,5,25,0,30
2025-03-26T07:02:51,5,25,0,30
2025-03-26T07:35:28,5,25,0,30
2025-03-26T08:08:16,5,25,0,30
2025-03-26T08:40:57,5,25,0,30
2025-03-26T09:13:51,5,25,0,30
2025-03-26T09:46:31,5,25,0,30
2025-03-26T10:19:23,6,24,0,30
2025-03-26T10:52:18,6,24,0,30
2025-03-26T11:25:09,6,24,0,30
2025-03-26T11:57:47,6,24,0,30
2025-03-26T12:30:34,6,24,0,30
2025-03-26T13:03:25,6,24,0,30
2025-03-26T13:36:15,6,24,0,30
2025-03-26T14:08:53,6,24,0,30
2025-03-26T14:41:40,6,24,0,30
2025-03-26T15:14:31,6,24,0,30
2025-03-26T15:47:23,6,24,0,30
2025-03-26T16:20:03,6,24,0,30
2025-03-26T16:52:53,6,24,0,30
2025-03-26T17:25:43,6,24,0,30
2025-03-26T17:58:22,6,24,0,30
2025-03-26T18:31:11,6,24,0,30
2025-03-26T19:03:49,6,24,0,30
2025-03-26T19:36:41,6,24,0,30
2025-03-26T20:09:14,6,24,0,30
2025-03-26T20:42:01,6,24,0,30
2025-03-26T21:14:34,6,24,0,30
2025-03-26T21:47:22,6,24,0,30
2025-03-26T22:19:56,6,24,0,30
2025-03-26T22:52:32,6,24,0,30
2025-03-26T23:25:22,6,24,0,30
2025-03-26T23:57:56,6,24,0,30
2025-03-27T00:30:49,6,24,0,30
2025-03-27T01:03:29,6,24,0,30
2025-03-27T01:36:07,6,24,0,30
2025-03-27T02:08:44,6,24,0,30
2025-03-27T02:41:31,6,24,0,30
2025-03-27T03:14:07,6,24,0,30
2025-03-27T03:46:41,6,24,0,30
2025-03-27T04:43:11,6,24,0,30
2025-03-27T05:15:47,6,24,0,30
2025-03-27T05:48:28,6,24,0,30
2025-03-27T06:21:11,6,24,0,30
2025-03-27T06:53:53,6,24,0,30
2025-03-27T07:26:43,6,24,0,30
2025-03-27T07:59:20,6,24,0,30
2025-03-27T08:31:58,6,24,0,30
2025-03-27T09:04:36,6,24,0,30
2025-03-27T09:37:32,6,24,0,30
2025-03-27T10:10:15,6,24,0,30
2025-03-27T10:42:51,6,24,0,30
2025-03-27T11:15:36,6,24,0,30
2025-03-27T11:48:14,6,24,0,30
2025-03-27T12:20:58,6,24,0,30
2025-03-27T12:53:43,6,24,0,30
2025-03-27T13:26:18,6,24,0,30
2025-03-27T13:59:03,6,24,0,30
2025-03-27T14:31:37,6,24,0,30
2025-03-27T15:04:25,6,24,0,30
2025-03-27T15:36:59,6,24,0,30
2025-03-27T16:09:47,6,24,0,30
2025-03-27T16:42:20,6,24,0,30
2025-03-27T17:15:07,6,24,0,30
2025-03-27T17:47:41,6,24,0,30
2025-03-27T18:20:16,6,24,0,30
2025-03-27T18:53:02,6,24,0,30
2025-03-27T19:25:36,6,24,0,30
2025-03-27T19:58:23,6,24,0,30
2025-03-27T20:30:56,6,24,0,30
2025-03-27T21:03:32,6,24,0,30
2025-03-27T21:36:15,6,24,0,30
2025-03-27T22:08:48,6,24,0,30
2025-03-27T22:41:34,6,24,0,30
2025-03-27T23:14:12,6,24,0,30
2025-03-27T23:46:47,6,24,0,30
2025-03-28T00:19:37,6,24,0,30
2025-03-28T00:52:16,6,24,0,30
2025-03-28T01:25:00,6,24,0,30
2025-03-28T01:57:49,6,24,0,30
2025-03-28T02:30:27,6,24,0,30
2025-03-28T03:03:04,6,24,0,30
2025-03-28T03:35:43,6,24,0,30
2025-03-28T04:43:50,6,24,0,30
2025-03-28T05:16:50,6,24,0,30
2025-03-28T05:49:29,6,24,0,30
2025-03-28T06:22:10,6,24,0,30
2025-03-28T06:54:49,6,24,0,30
2025-03-28T07:27:31,6,24,0,30
2025-03-28T08:00:16,6,24,0,30
2025-03-28T08:32:54,6,24,0,30
2025-03-28T09:05:31,6,24,0,30
2025-03-28T09:38:14,6,24,0,30
2025-03-28T10:10:49,6,24,0,30
2025-03-28T10:43:22,6,24,0,30
2025-03-28T11:16:04,6,24,0,30
2025-03-28T11:48:37,6,24,0,30
2025-03-28T12:21:24,6,24,0,30
2025-03-28T12:53:56,6,24,0,30
2025-03-28T13:26:38,6,24,0,30
2025-03-28T13:59:10,6,24,0,30
2025-03-28T14:31:54,6,24,0,30
2025-03-28T15:04:27,6,24,0,30
2025-03-28T15:37:11,6,24,0,30
2025-03-28T16:09:44,6,24,0,30
2025-03-28T16:42:16,6,24,0,30
2025-03-28T17:15:02,6,24,0,30
2025-03-28T17:47:35,6,24,0,30
2025-03-28T18:20:19,6,24,0,30
2025-03-28T18:52:52,6,24,0,30
2025-03-28T19:25:27,6,24,0,30
2025-03-28T19:58:10,6,24,0,30
2025-03-28T20:30:43,6,24,0,30
2025-03-28T21:03:16,6,24,0,30
2025-03-28T21:36:03,6,24,0,30
2025-03-28T22:08:36,6,24,0,30
2025-03-28T22:41:11,6,24,0,30
2025-03-28T23:13:58,6,24,0,30
2025-03-28T23:46:33,6,24,0,30
2025-03-29T00:19:10,6,24,0,30
2025-03-29T00:51:50,6,24,0,30
2025-03-29T01:24:39,6,24,0,30
2025-03-29T01:57:14,6,24,0,30
2025-03-29T02:29:51,6,24,0,30
2025-03-29T03:02:27,6,24,0,30
2025-03-29T03:35:03,6,24,0,30
2025-03-29T04:43:19,6,24,0,30
2025-03-29T05:15:58,6,24,0,30
2025-03-29T05:48:36,6,24,0,30
2025-03-29T06:21:18,6,24,0,30
2025-03-29T06:53:56,6,24,0,30
2025-03-29T07:26:43,6,24,0,30
2025-03-29T07:59:17,6,24,0,30
2025-03-29T08:31:53,6,24,0,30
2025-03-29T09:04:26,6,24,0,30
2025-03-29T09:37:07,6,24,0,30
2025-03-29T10:09:39,6,24,0,30
2025-03-29T10:42:13,6,24,0,30
2025-03-29T11:14:54,6,24,0,30
2025-03-29T11:47:26,6,24,0,30
2025-03-29T12:19:59,6,24,0,30
2025-03-29T12:52:41,6,24,0,30
2025-03-29T13:25:13,6,24,0,30
2025-03-29T13:57:46,6,24,0,30
2025-03-29T14:30:27,6,24,0,30
2025-03-29T15:03:00,6,24,0,30
2025-03-29T15:35:45,6,24,0,30
2025-03-29T16:08:17,6,24,0,30
2025-03-29T16:40:57,6,24,0,30
2025-03-29T17:13:32,6,24,0,30
2025-03-29T17:46:05,6,24,0,30
2025-03-29T18:18:45,6,24,0,30
2025-03-29T18:51:17,6,24,0,30
2025-03-29T19:23:49,6,24,0,30
2025-03-29T19:56:31,6,24,0,30
2025-03-29T20:29:03,6,24,0,30
2025-03-29T21:01:35,6,24,0,30
2025-03-29T21:34:17,6,24,0,30
2025-03-29T22:06:49,6,24,0,30
2025-03-29T22:39:33,6,24,0,30
2025-03-29T23:12:07,6,24,0,30
2025-03-29T23:44:40,6,24,0,30
2025-03-30T00:17:27,6,24,0,30
2025-03-30T00:50:03,6,24,0,30
2025-03-30T01:22:39,6,24,0,30
2025-03-30T01:55:16,6,24,0,30
2025-03-30T02:28:12,6,24,0,30
2025-03-30T03:00:58,6,24,0,30
2025-03-30T03:33:35,6,24,0,30
2025-03-30T04:06:12,6,24,0,30
2025-03-30T04:52:06,6,24,0,30
2025-03-30T05:24:44,6,24,0,30
2025-03-30T05:57:21,6,24,0,30
2025-03-30T06:30:01,6,24,0,30
2025-03-30T07:02:39,6,24,0,30
2025-03-30T07:35:15,6,24,0,30
2025-03-30T08:07:48,6,24,0,30
2025-03-30T08:40:33,6,24,0,30
2025-03-30T09:13:10,6,24,0,30
2025-03-30T09:45:50,6,24,0,30
2025-03-30T10:18:27,6,24,0,30
2025-03-30T10:51:13,6,24,0,30
2025-03-30T11:23:46,6,24,0,30
2025-03-30T11:56:27,6,24,0,30
2025-03-30T12:29:11,6,24,0,30
2025-03-30T13:01:43,6,24,0,30
2025-03-30T13:34:27,6,24,0,30
2025-03-30T14:07:00,6,24,0,30
2025-03-30T14:39:43,6,24,0,30
2025-03-30T15:12:16,6,24,0,30
2025-03-30T15:44:59,6,24,0,30
2025-03-30T16:17:42,6,24,0,30
2025-03-30T16:50:15,6,24,0,30
2025-03-30T17:22:59,6,24,0,30
2025-03-30T17:55:43,6,24,0,30
2025-03-30T18:28:15,6,24,0,30
2025-03-30T19:01:03,6,24,0,30
2025-03-30T19:33:50,6,24,0,30
2025-03-30T20:06:22,6,24,0,30
2025-03-30T20:39:07,6,24,0,30
2025-03-30T21:11:51,6,24,0,30
2025-03-30T21:44:37,6,24,0,30
2025-03-30T22:17:23,7,23,0,30
2025-03-30T22:50:09,7,23,0,30
2025-03-30T23:22:56,7,23,0,30
2025-03-30T23:55:40,7,23,0,30
2025-03-31T00:28:29,7,23,0,30
2025-03-31T01:01:21,7,23,0,30
2025-03-31T01:34:09,7,23,0,30
2025-03-31T02:06:45,7,23,0,30
2025-03-31T02:39:23,7,23,0,30
2025-03-31T03:12:07,7,23,0,30
2025-03-31T03:44:43,7,23,0,30
2025-03-31T04:49:50,7,23,0,30
2025-03-31T05:22:26,7,23,0,30
2025-03-31T05:55:02,7,23,0,30
2025-03-31T06:27:38,7,23,0,30
2025-03-31T07:10:44,7,23,0,30
2025-03-31T07:43:23,7,23,0,30
2025-03-31T08:38:56,7,23,0,30
2025-03-31T09:11:45,7,23,0,30
2025-03-31T09:44:46,7,23,0,30
2025-03-31T10:17:36,7,23,0,30
2025-03-31T10:50:39,7,23,0,30
2025-03-31T11:23:43,7,23,0,30
2025-03-31T11:56:49,7,23,0,30
2025-03-31T12:29:43,7,23,0,30
2025-03-31T13:02:49,7,23,0,30
2025-03-31T13:35:42,7,23,0,30
2025-03-31T14:08:46,7,23,0,30
2025-03-31T14:41:40,7,23,0,30
2025-03-31T15:14:45,7,23,0,30
2025-03-31T15:47:37,7,23,0,30
2025-03-31T16:20:29,7,23,0,30
2025-03-31T16:53:21,7,23,0,30
2025-03-31T17:26:12,7,23,0,30
2025-03-31T17:59:01,7,23,0,30
2025-03-31T18:31:49,7,23,0,30
2025-03-31T19:04:37,7,23,0,30
2025-03-31T19:37:25,7,23,0,30
2025-03-31T20:10:02,7,23,0,30
2025-03-31T20:42:51,7,23,0,30
2025-03-31T21:15:38,7,23,0,30
2025-03-31T21:48:27,7,23,0,30
2025-03-31T22:21:06,7,23,0,30
2025-03-31T22:54:04,7,23,0,30
2025-03-31T23:26:58,7,23,0,30
2025-03-31T23:59:40,7,23,0,30
2025-04-01T00:32:33,7,23,0,30
2025-04-01T01:05:17,7,23,0,30
2025-04-01T01:38:15,7,23,0,30
2025-04-01T02:10:59,7,23,0,30
2025-04-01T02:43:41,7,23,0,30
2025-04-01T03:16:22,7,23,0,30
2025-04-01T03:49:08,7,23,0,30
2025-04-01T04:58:38,7,23,0,30
2025-04-01T05:31:22,7,23,0,30
2025-04-01T06:04:06,7,23,0,30
2025-04-01T06:36:51,7,23,0,30
2025-04-01T07:09:35,7,23,0,30
2025-04-01T07:42:24,7,23,0,30
2025-04-01T08:15:06,7,23,0,30
2025-04-01T08:47:58,7,23,0,30
2025-04-01T09:20:52,7,23,0,30
2025-04-01T09:53:47,7,23,0,30
2025-04-01T10:26:52,7,23,0,30
2025-04-01T10:59:45,7,23,0,30
2025-04-01T11:32:42,7,23,0,30
2025-04-01T12:05:49,7,23,0,30
2025-04-01T12:38:43,7,23,0,30
2025-04-01T13:11:46,7,23,0,30
2025-04-01T13:44:50,7,23,0,30
2025-04-01T14:17:41,7,23,0,30
2025-04-01T14:50:34,7,23,0,30
2025-04-01T15:23:34,7,23,0,30
2025-04-01T15:56:27,7,23,0,30
2025-04-01T16:29:18,7,23,0,30
2025-04-01T17:02:11,7,23,0,30
2025-04-01T17:35:02,7,23,0,30
2025-04-01T18:07:53,7,23,0,30
2025-04-01T18:40:44,7,23,0,30
2025-04-01T19:13:35,7,23,0,30
2025-04-01T19:46:26,7,23,0,30
2025-04-01T20:19:16,7,23,0,30
2025-04-01T20:51:55,7,23,0,30
2025-04-01T21:24:46,7,23,0,30
2025-04-01T21:57:23,7,23,0,30
2025-04-01T22:30:12,7,23,0,30
2025-04-01T23:02:52,7,23,0,30
2025-04-01T23:35:45,7,23,0,30
2025-04-02T00:08:24,7,23,0,30
2025-04-02T00:41:20,7,23,0,30
2025-04-02T01:14:07,7,23,0,30
2025-04-02T01:46:51,7,23,0,30
2025-04-02T02:19:33,7,23,0,30
2025-04-02T02:52:27,7,23,0,30
2025-04-02T03:25:11,7,23,0,30
2025-04-02T03:57:54,7,23,0,30
2025-04-02T04:57:53,7,23,0,30
2025-04-02T05:30:39,7,23,0,30
2025-04-02T06:05:13,7,23,0,30
2025-04-02T06:38:02,7,23,0,30
2025-04-02T07:10:52,7,23,0,30
2025-04-02T07:43:35,7,23,0,30
2025-04-02T08:16:23,7,23,0,30
2025-04-02T08:49:08,7,23,0,30
2025-04-02T09:21:59,7,23,0,30
2025-04-02T09:54:38,7,23,0,30
2025-04-02T10:27:32,7,23,0,30
2025-04-02T11:00:24,7,23,0,30
2025-04-02T11:33:15,7,23,0,30
2025-04-05T12:04:38,5,25,0,30
2025-04-05T12:37:19,5,25,0,30
2025-04-05T13:10:10,5,25,0,30
2025-04-05T13:42:52,5,25,0,30
2025-04-05T14:15:33,5,25,0,30
2025-04-05T14:48:14,5,25,0,30
2025-04-05T15:20:55,5,25,0,30
2025-04-05T15:53:46,5,25,0,30
2025-04-05T16:26:28,5,25,0,30
2025-04-05T16:59:10,5,25,0,30
2025-04-05T17:32:02,5,25,0,30
2025-04-05T18:04:48,5,25,0,30
2025-04-05T18:37:32,5,25,0,30
2025-04-05T19:10:13,5,25,0,30
2025-04-05T19:43:04,5,25,0,30
2025-04-05T20:15:45,5,25,0,30
2025-04-05T20:48:26,5,25,0,30
2025-04-05T21:21:08,5,25,0,30
2025-04-05T21:53:59,5,25,0,30
2025-04-05T22:26:41,5,25,0,30
2025-04-05T22:59:23,5,25,0,30
2025-04-05T23:32:08,5,25,0,30
2025-04-06T00:04:50,5,25,0,30
2025-04-06T00:37:44,5,25,0,30
2025-04-06T01:10:31,5,25,0,30
2025-04-06T01:43:15,5,25,0,30
2025-04-06T02:16:16,5,25,0,30
2025-04-06T02:49:02,5,25,0,30
2025-04-06T03:21:47,5,25,0,30
2025-04-06T03:54:33,5,25,0,30
2025-04-06T04:52:23,5,25,0,30
2025-04-06T05:25:12,5,25,0,30
2025-04-06T05:58:02,5,25,0,30
2025-04-06T06:30:49,5,25,0,30
2025-04-06T07:03:33,5,25,0,30
2025-04-06T07:36:18,5,25,0,30
2025-04-06T08:09:00,5,25,0,30
2025-04-06T08:41:50,5,25,0,30
2025-04-06T09:14:52,5,25,0,30
2025-04-06T09:47:41,5,25,0,30
2025-04-06T10:20:26,5,25,0,30
2025-04-06T10:53:10,5,25,0,30
2025-04-06T11:25:54,5,25,0,30
2025-04-06T11:58:37,5,25,0,30
2025-04-06T12:31:30,5,25,0,30
2025-04-06T13:04:12,5,25,0,30
2025-04-06T13:36:53,5,25,0,30
2025-04-06T14:09:42,5,25,0,30
2025-04-06T14:42:23,5,25,0,30
2025-04-06T15:15:07,5,25,0,30
2025-04-06T15:47:59,5,25,0,30
2025-04-06T16:20:40,5,25,0,30
2025-04-06T16:53:21,5,25,0,30
2025-04-06T17:26:03,5,25,0,30
2025-04-06T17:58:52,5,25,0,30
2025-04-06T18:31:33,5,25,0,30
2025-04-06T19:04:17,5,25,0,30
2025-04-06T19:37:09,5,25,0,30
2025-04-06T20:09:50,5,25,0,30
2025-04-06T20:42:31,5,25,0,30
2025-04-06T21:49:11,5,25,0,30
2025-04-06T22:22:02,5,25,0,30
2025-04-06T22:54:44,5,25,0,30
2025-04-06T23:27:42,5,25,0,30
2025-04-07T00:00:27,5,25,0,30
2025-04-07T00:33:10,5,25,0,30
2025-04-07T01:06:03,5,25,0,30
2025-04-07T01:38:46,5,25,0,30
2025-04-07T02:11:31,5,25,0,30
2025-04-07T02:44:18,5,25,0,30
2025-04-07T03:17:07,5,25,0,30
2025-04-07T03:49:56,5,25,0,30
2025-04-07T04:41:22,5,25,0,30
2025-04-07T05:14:14,5,25,0,30
2025-04-07T05:47:02,5,25,0,30
2025-04-07T06:19:49,5,25,0,30
2025-04-07T06:52:35,5,25,0,30
2025-04-07T07:25:21,5,25,0,30
2025-04-07T08:19:18,5,25,0,30
2025-04-07T08:52:03,5,25,0,30
2025-04-07T09:24:51,5,25,0,30
2025-04-07T09:57:43,5,25,0,30
2025-04-07T10:30:26,5,25,0,30
2025-04-07T11:03:19,5,25,0,30
2025-04-07T11:36:03,5,25,0,30
2025-04-07T12:08:56,5,25,0,30
2025-04-07T12:41:51,5,25,0,30
2025-04-07T13:14:34,5,25,0,30
2025-04-07T13:47:29,5,25,0,30
2025-04-07T14:20:22,5,25,0,30
2025-04-07T14:53:05,5,25,0,30
2025-04-07T15:26:00,5,25,0,30
2025-04-07T15:58:45,5,25,0,30
2025-04-07T16:31:39,5,25,0,30
2025-04-07T17:04:22,5,25,0,30
2025-04-07T17:37:16,5,25,0,30
2025-04-07T18:10:09,5,25,0,30
2025-04-07T18:42:52,5,25,0,30
2025-04-07T19:15:35,5,25,0,30
2025-04-07T19:48:29,5,25,0,30
2025-04-07T20:21:12,5,25,0,30
2025-04-07T20:54:06,5,25,0,30
2025-04-07T21:26:49,5,25,0,30
2025-04-07T21:59:33,5,25,0,30
2025-04-07T22:32:29,5,25,0,30
2025-04-07T23:05:14,5,25,0,30
2025-04-07T23:38:12,5,25,0,30
2025-04-08T00:10:59,5,25,0,30
2025-04-08T00:43:50,5,25,0,30
2025-04-08T01:16:41,5,25,0,30
2025-04-08T01:49:30,5,25,0,30
2025-04-08T02:22:27,5,25,0,30
2025-04-08T02:55:15,5,25,0,30
2025-04-08T03:28:13,5,25,0,30
2025-04-08T04:01:04,5,25,0,30
2025-04-08T04:50:49,5,25,0,30
2025-04-08T05:23:39,5,25,0,30
2025-04-08T05:56:29,5,25,0,30
2025-04-08T06:29:21,5,25,0,30
2025-04-08T07:02:13,5,25,0,30
2025-04-08T07:35:03,5,25,0,30
2025-04-08T08:07:54,5,25,0,30
2025-04-08T08:40:51,5,25,0,30
2025-04-08T09:13:36,5,25,0,30
2025-04-08T09:46:32,5,25,0,30
2025-04-08T10:19:17,5,25,0,30
2025-04-08T10:52:01,5,25,0,30
2025-04-08T11:24:55,5,25,0,30
2025-04-08T11:58:14,5,25,0,30
2025-04-08T12:31:07,5,25,0,30
2025-04-08T13:03:51,5,25,0,30
2025-04-08T13:36:46,5,25,0,30
2025-04-08T14:09:43,5,25,0,30
2025-04-08T14:42:27,6,24,0,30
2025-04-08T15:15:22,6,24,0,30
2025-04-08T15:48:09,6,24,0,30
2025-04-08T16:21:04,6,24,0,30
2025-04-08T16:53:48,6,24,0,30
2025-04-08T17:26:45,6,24,0,30
2025-04-08T17:59:29,6,24,0,30
2025-04-08T18:32:25,6,24,0,30
2025-04-08T19:05:09,6,24,0,30
2025-04-08T19:38:03,6,24,0,30
2025-04-08T20:10:46,6,24,0,30
2025-04-08T20:43:30,6,24,0,30
2025-04-08T21:16:24,6,24,0,30
2025-04-08T21:49:09,6,24,0,30
2025-04-08T22:21:54,6,24,0,30
2025-04-08T22:54:48,6,24,0,30
2025-04-08T23:27:34,6,24,0,30
2025-04-09T00:00:20,6,24,0,30
2025-04-09T00:33:20,6,24,0,30
2025-04-09T01:06:11,6,24,0,30
2025-04-09T01:39:00,6,24,0,30
2025-04-09T02:11:48,6,24,0,30
2025-04-09T02:44:51,6,24,0,30
2025-04-09T03:17:49,6,24,0,30
2025-04-09T03:50:38,6,24,0,30
2025-04-09T04:51:05,6,24,0,30
2025-04-09T05:25:38,6,24,0,30
2025-04-09T05:58:29,6,24,0,30
2025-04-09T06:31:19,6,24,0,30
2025-04-09T07:04:07,6,24,0,30
2025-04-09T07:36:56,6,24,0,30
2025-04-09T08:09:41,6,24,0,30
2025-04-09T08:42:34,6,24,0,30
2025-04-09T09:15:19,6,24,0,30
2025-04-09T09:48:06,6,24,0,30
2025-04-09T10:21:02,6,24,0,30
2025-04-09T10:53:49,6,24,0,30
2025-04-09T11:26:44,6,24,0,30
2025-04-09T11:59:34,6,24,0,30
2025-04-09T12:32:34,6,24,0,30
2025-04-09T13:05:20,6,24,0,30
2025-04-09T13:38:17,6,24,0,30
2025-04-09T14:11:03,6,24,0,30
2025-04-09T14:44:00,6,24,0,30
2025-04-09T15:16:46,6,24,0,30
2025-04-09T15:49:46,6,24,0,30
2025-04-09T16:22:42,6,24,0,30
2025-04-09T16:55:28,6,24,0,30
2025-04-09T17:28:14,6,24,0,30
2025-04-09T18:01:14,6,24,0,30
2025-04-09T18:34:25,6,24,0,30
2025-04-09T19:07:12,6,24,0,30
2025-04-09T19:40:09,6,24,0,30
2025-04-09T20:12:57,6,24,0,30
2025-04-09T20:45:44,6,24,0,30
2025-04-09T21:18:41,6,24,0,30
2025-04-09T21:51:28,6,24,0,30
2025-04-09T22:24:15,6,24,0,30
2025-04-09T22:57:13,6,24,0,30
2025-04-09T23:30:01,6,24,0,30
2025-04-10T00:02:51,6,24,0,30
2025-04-10T00:35:53,6,24,0,30
2025-04-10T01:08:47,6,24,0,30
2025-04-10T01:41:40,6,24,0,30
2025-04-10T02:14:31,6,24,0,30
2025-04-10T02:47:23,6,24,0,30
2025-04-10T03:20:15,6,24,0,30
2025-04-10T03:53:06,6,24,0,30
2025-04-10T04:52:42,6,24,0,30
2025-04-10T05:25:35,6,24,0,30
2025-04-10T05:58:30,6,24,0,30
2025-04-10T06:31:22,6,24,0,30
2025-04-10T07:04:14,6,24,0,30
2025-04-10T07:37:04,6,24,0,30
2025-04-10T08:09:52,6,24,0,30
2025-04-10T08:42:47,6,24,0,30
2025-04-10T09:15:34,6,24,0,30
2025-04-10T09:48:22,6,24,0,30
2025-04-10T10:21:20,6,24,0,30
2025-04-10T10:54:08,6,24,0,30
2025-04-10T11:26:56,6,24,0,30
2025-04-10T11:59:55,6,24,0,30
2025-04-10T12:32:56,6,24,0,30
2025-04-10T13:05:45,6,24,0,30
2025-04-10T13:38:49,6,24,0,30
2025-04-10T14:11:45,6,24,0,30
2025-04-10T14:44:38,6,24,0,30
2025-04-10T15:17:39,5,25,0,30
2025-04-10T15:50:32,5,25,0,30
2025-04-10T16:23:31,5,25,0,30
2025-04-10T16:56:21,5,25,0,30
2025-04-10T17:29:22,5,25,0,30
2025-04-10T18:02:12,5,25,0,30
2025-04-10T18:35:13,5,25,0,30
2025-04-10T19:08:04,5,25,0,30
2025-04-10T19:40:53,5,25,0,30
2025-04-10T20:13:53,5,25,0,30
2025-04-10T20:46:42,5,25,0,30
2025-04-10T21:19:31,5,25,0,30
2025-04-10T21:52:31,5,25,0,30
2025-04-10T22:25:23,5,25,0,30
2025-04-10T22:58:14,5,25,0,30
2025-04-10T23:31:16,5,25,0,30
2025-04-11T00:04:05,5,25,0,30
2025-04-11T00:36:59,5,25,0,30
2025-04-11T01:09:55,5,25,0,30
2025-04-11T01:42:50,5,25,0,30
2025-04-11T02:15:53,5,25,0,30
2025-04-11T02:48:47,5,25,0,30
2025-04-11T03:22:06,5,25,0,30
2025-04-11T03:55:00,5,25,0,30
2025-04-11T04:41:32,5,25,0,30
2025-04-11T05:14:28,5,25,0,30
2025-04-11T05:47:25,5,25,0,30
2025-04-11T06:20:20,5,25,0,30
2025-04-11T06:53:17,5,25,0,30
2025-04-11T07:26:09,5,25,0,30
2025-04-11T07:59:00,5,25,0,30
2025-04-11T08:31:59,5,25,0,30
2025-04-11T09:04:49,5,25,0,30
2025-04-11T09:37:41,5,25,0,30
2025-04-11T10:10:41,5,25,0,30
2025-04-11T10:43:31,4,26,0,30
2025-04-11T11:16:32,4,26,0,30
2025-04-11T11:49:21,4,26,0,30
2025-04-11T12:22:20,4,26,0,30
2025-04-11T12:55:09,4,26,0,30
2025-04-11T13:28:08,4,26,0,30
2025-04-11T14:00:58,4,26,0,30
2025-04-11T14:33:58,4,26,0,30
2025-04-11T15:06:49,4,26,0,30
2025-04-11T15:39:40,4,26,0,30
2025-04-11T16:12:40,4,26,0,30
2025-04-11T16:45:32,4,26,0,30
2025-04-11T17:18:26,4,26,0,30
2025-04-11T17:51:28,4,26,0,30
2025-04-11T18:24:21,4,26,0,30
2025-04-11T18:57:13,4,26,0,30
2025-04-11T19:30:15,4,26,0,30
2025-04-11T20:03:09,4,26,0,30
2025-04-11T20:36:02,4,26,0,30
2025-04-11T21:08:55,4,26,0,30
2025-04-11T21:41:55,4,26,0,30
2025-04-11T22:14:46,4,26,0,30
2025-04-11T22:47:37,4,26,0,30
2025-04-11T23:20:31,4,26,0,30
2025-04-11T23:53:34,4,26,0,30
2025-04-12T00:26:32,4,26,0,30
2025-04-12T00:59:31,4,26,0,30
2025-04-12T01:32:28,4,26,0,30
2025-04-12T02:05:26,4,26,0,30
2025-04-12T02:38:20,4,26,0,30
2025-04-12T03:12:26,4,26,0,30
2025-04-12T03:45:24,4,26,0,30
2025-04-12T04:42:05,4,26,0,30
2025-04-12T05:15:05,4,26,0,30
2025-04-12T05:48:04,4,26,0,30
2025-04-12T06:21:04,4,26,0,30
2025-04-12T06:54:03,4,26,0,30
2025-04-12T07:27:06,4,26,0,30
2025-04-12T08:00:11,4,26,0,30
2025-04-12T08:33:10,4,26,0,30
2025-04-12T09:06:04,4,26,0,30
2025-04-12T09:38:56,4,26,0,30
2025-04-12T10:11:50,4,26,0,30
2025-04-12T10:44:51,4,26,0,30
2025-04-12T11:17:44,4,26,0,30
2025-04-12T11:50:36,4,26,0,30
2025-04-12T12:23:30,4,26,0,30
2025-04-12T12:56:24,4,26,0,30
2025-04-12T13:29:27,4,26,0,30
2025-04-12T14:02:19,4,26,0,30
2025-04-12T14:35:12,4,26,0,30
2025-04-12T15:08:05,4,26,0,30
2025-04-12T15:40:57,4,26,0,30
2025-04-12T16:13:50,4,26,0,30
2025-04-12T16:46:52,4,26,0,30
2025-04-12T17:19:44,4,26,0,30
2025-04-12T17:52:37,4,26,0,30
2025-04-12T18:25:30,4,26,0,30
2025-04-12T18:58:22,4,26,0,30
2025-04-12T19:31:15,4,26,0,30
2025-04-12T20:04:17,4,26,0,30
2025-04-12T20:37:10,4,26,0,30
2025-04-12T21:10:02,4,26,0,30
2025-04-12T21:42:55,4,26,0,30
2025-04-12T22:15:48,4,26,0,30
2025-04-12T22:48:40,4,26,0,30
2025-04-12T23:21:43,4,26,0,30
2025-04-12T23:54:36,4,26,0,30
2025-04-13T00:27:31,4,26,0,30
2025-04-13T01:00:28,4,26,0,30
2025-04-13T01:33:22,4,26,0,30
2025-04-13T02:06:15,4,26,0,30
2025-04-13T02:39:08,4,26,0,30
2025-04-13T03:12:05,4,26,0,30
2025-04-13T03:45:12,4,26,0,30
2025-04-13T04:44:23,4,26,0,30
2025-04-13T05:18:23,4,26,0,30
2025-04-13T05:51:25,4,26,0,30
2025-04-13T06:24:25,4,26,0,30
2025-04-13T06:57:24,4,26,0,30
2025-04-13T07:30:24,4,26,0,30
2025-04-13T08:03:24,4,26,0,30
2025-04-13T08:36:23,4,26,0,30
2025-04-13T09:09:23,4,26,0,30
2025-04-13T09:42:20,4,26,0,30
2025-04-13T10:15:26,4,26,0,30
2025-04-13T10:48:29,4,26,0,30
2025-04-13T11:21:29,4,26,0,30
2025-04-13T11:54:24,4,26,0,30
2025-04-13T12:27:17,4,26,0,30
2025-04-13T13:00:10,4,26,0,30
2025-04-13T13:33:13,4,26,0,30
2025-04-13T14:06:05,4,26,0,30
2025-04-13T14:38:58,4,26,0,30
2025-04-13T15:11:53,4,26,0,30
2025-04-13T15:44:56,4,26,0,30
2025-04-13T16:17:52,4,26,0,30
2025-04-13T16:50:44,4,26,0,30
2025-04-13T17:23:39,4,26,0,30
2025-04-13T17:56:32,4,26,0,30
2025-04-13T18:29:34,4,26,0,30
2025-04-13T19:02:27,4,26,0,30
2025-04-13T19:35:21,4,26,0,30
2025-04-13T20:08:14,4,26,0,30
2025-04-13T20:41:16,4,26,0,30
2025-04-13T21:14:08,4,26,0,30
2025-04-13T21:47:04,4,26,0,30
2025-04-13T22:19:56,4,26,0,30
2025-04-13T22:53:01,4,26,0,30
2025-04-13T23:25:57,4,26,0,30
2025-04-13T23:58:50,4,26,0,30
2025-04-14T00:31:48,4,26,0,30
2025-04-14T01:04:49,4,26,0,30
2025-04-14T01:37:48,4,26,0,30
2025-04-14T02:10:54,4,26,0,30
2025-04-14T02:43:50,4,26,0,30
2025-04-14T03:16:47,4,26,0,30
2025-04-14T03:49:43,4,26,0,30
2025-04-14T04:50:04,4,26,0,30
2025-04-14T05:23:04,4,26,0,30
2025-04-14T05:56:02,4,26,0,30
2025-04-14T06:28:58,4,26,0,30
2025-04-14T07:02:00,4,26,0,30
2025-04-14T07:35:00,4,26,0,30
2025-04-14T08:07:57,4,26,0,30
2025-04-14T08:40:53,4,26,0,30
2025-04-14T09:13:56,4,26,0,30
2025-04-14T09:46:52,4,26,0,30
2025-04-14T10:19:44,4,26,0,30
2025-04-14T10:52:51,4,26,0,30
2025-04-14T11:25:45,4,26,0,30
2025-04-14T11:58:38,4,26,0,30
2025-04-14T12:31:42,4,26,0,30
2025-04-14T13:04:46,4,26,0,30
2025-04-14T13:37:40,4,26,0,30
2025-04-14T14:10:47,4,26,0,30
2025-04-14T14:43:45,4,26,0,30
2025-04-14T15:16:40,4,26,0,30
2025-04-14T15:49:49,4,26,0,30
2025-04-14T16:22:54,4,26,0,30
2025-04-14T16:55:49,4,26,0,30
2025-04-14T17:28:44,4,26,0,30
2025-04-14T18:01:48,4,26,0,30
2025-04-14T18:34:42,4,26,0,30
2025-04-14T19:07:36,4,26,0,30
2025-04-14T19:40:40,4,26,0,30
2025-04-14T20:13:36,4,26,0,30
2025-04-14T20:46:30,4,26,0,30
2025-04-14T21:19:35,4,26,0,30
2025-04-14T21:52:30,4,26,0,30
2025-04-14T22:25:24,4,26,0,30
2025-04-14T22:58:18,4,26,0,30
2025-04-14T23:31:25,4,26,0,30
2025-04-15T00:04:20,4,26,0,30
2025-04-15T00:37:22,4,26,0,30
2025-04-15T01:10:22,4,26,0,30
2025-04-15T01:43:20,4,26,0,30
2025-04-15T02:16:27,4,26,0,30
2025-04-15T02:49:26,4,26,0,30
2025-04-15T03:22:27,4,26,0,30
2025-04-15T03:55:25,4,26,0,30
2025-04-15T04:55:23,4,26,0,30
2025-04-15T05:28:22,4,26,0,30
2025-04-15T06:01:25,4,26,0,30
2025-04-15T06:34:25,4,26,0,30
2025-04-15T07:07:28,4,26,0,30
2025-04-15T07:40:26,4,26,0,30
2025-04-15T08:13:22,4,26,0,30
2025-04-15T08:46:27,4,26,0,30
2025-04-15T09:19:22,4,26,0,30
2025-04-15T09:52:16,4,26,0,30
2025-04-15T10:25:10,4,26,0,30
2025-04-15T10:58:24,4,26,0,30
2025-04-15T11:31:28,4,26,0,30
2025-04-15T12:04:39,4,26,0,30
2025-04-15T12:37:38,4,26,0,30
2025-04-16T00:26:42,4,26,0,30
2025-04-16T00:59:42,4,26,0,30
2025-04-16T01:32:42,4,26,0,30
2025-04-16T02:05:49,4,26,0,30
2025-04-16T02:38:48,4,26,0,30
2025-04-16T03:11:49,4,26,0,30
2025-04-16T03:44:46,4,26,0,30
2025-04-16T04:52:03,4,26,0,30
2025-04-16T05:25:05,4,26,0,30
2025-04-16T05:58:06,4,26,0,30
2025-04-16T06:31:05,4,26,0,30
2025-04-16T07:04:05,4,26,0,30
2025-04-16T07:37:02,4,26,0,30
2025-04-16T08:09:59,4,26,0,30
2025-04-16T08:42:55,4,26,0,30
2025-04-16T09:15:58,4,26,0,30
2025-04-16T09:48:52,4,26,0,30
2025-04-16T10:21:48,4,26,0,30
2025-04-16T10:54:54,4,26,0,30
2025-04-16T11:27:50,4,26,0,30
2025-04-16T12:00:55,4,26,0,30
2025-04-16T12:33:52,4,26,0,30
2025-04-16T13:06:57,4,26,0,30
2025-04-16T13:39:51,4,26,0,30
2025-04-16T14:12:57,4,26,0,30
2025-04-16T14:45:51,4,26,0,30
2025-04-16T15:18:57,4,26,0,30
2025-04-16T15:51:52,4,26,0,30
2025-04-16T16:24:57,4,26,0,30
2025-04-16T16:57:50,4,26,0,30
2025-04-16T17:30:54,4,26,0,30
2025-04-16T18:03:48,4,26,0,30
2025-04-16T18:36:58,4,26,0,30
2025-04-16T19:09:52,4,26,0,30
2025-04-16T19:42:46,4,26,0,30
2025-04-16T20:15:58,4,26,0,30
2025-04-16T20:48:54,4,26,0,30
2025-04-16T21:21:49,4,26,0,30
2025-04-16T21:54:51,4,26,0,30
2025-04-16T22:27:58,4,26,0,30
2025-04-16T23:01:05,4,26,0,30
2025-04-16T23:34:09,4,26,0,30
2025-04-17T00:07:13,4,26,0,30
2025-04-17T00:40:30,4,26,0,30
2025-04-17T01:13:36,4,26,0,30
2025-04-17T01:46:42,4,26,0,30
2025-04-17T02:19:46,4,26,0,30
2025-04-17T02:52:55,4,26,0,30
2025-04-17T03:26:13,4,26,0,30
2025-04-17T03:59:22,4,26,0,30
2025-04-17T04:55:59,4,26,0,30
2025-04-17T05:29:07,4,26,0,30
2025-04-17T06:02:14,4,26,0,30
2025-04-17T06:35:21,4,26,0,30
2025-04-17T07:08:28,4,26,0,30
2025-04-17T07:41:26,4,26,0,30
2025-04-17T08:14:28,4,26,0,30
2025-04-17T08:47:34,4,26,0,30
2025-04-17T09:20:29,4,26,0,30
2025-04-17T09:53:24,4,26,0,30
2025-04-17T10:26:41,5,25,0,30
2025-04-17T10:59:36,5,25,0,30
2025-04-17T11:32:30,5,25,0,30
2025-04-17T12:05:34,5,25,0,30
2025-04-17T12:38:30,5,25,0,30
2025-04-17T13:11:34,5,25,0,30
2025-04-17T13:44:28,5,25,0,30
2025-04-17T14:17:23,5,25,0,30
2025-04-17T14:50:27,5,25,0,30
2025-04-17T15:23:21,5,25,0,30
2025-04-17T15:56:28,5,25,0,30
2025-04-17T16:29:23,5,25,0,30
2025-04-17T17:02:29,5,25,0,30
2025-04-17T17:35:23,5,25,0,30
2025-04-17T18:08:18,5,25,0,30
2025-04-17T18:41:24,5,25,0,30
2025-04-17T19:14:19,5,25,0,30
2025-04-17T19:47:26,5,25,0,30
2025-04-17T20:20:22,5,25,0,30
2025-04-17T20:53:16,5,25,0,30
2025-04-17T21:26:10,5,25,0,30
2025-04-17T21:59:04,5,25,0,30
2025-04-17T22:32:09,5,25,0,30
2025-04-17T23:05:06,5,25,0,30
2025-04-17T23:38:01,5,25,0,30
2025-04-18T00:10:56,5,25,0,30
2025-04-18T00:43:58,5,25,0,30
2025-04-18T01:17:09,5,25,0,30
2025-04-18T01:50:10,5,25,0,30
2025-04-18T02:23:09,5,25,0,30
2025-04-18T02:56:08,5,25,0,30
2025-04-18T03:29:06,5,25,0,30
2025-04-18T04:04:46,5,25,0,30
2025-04-18T04:49:38,5,25,0,30
2025-04-18T05:22:38,5,25,0,30
2025-04-18T05:55:40,5,25,0,30
2025-04-18T06:28:39,5,25,0,30
2025-04-18T07:01:43,5,25,0,30
2025-04-18T07:34:46,5,25,0,30
2025-04-18T08:07:46,5,25,0,30
2025-04-18T08:40:43,5,25,0,30
2025-04-18T09:13:48,5,25,0,30
2025-04-18T09:46:45,5,25,0,30
2025-04-18T10:19:39,5,25,0,30
2025-04-18T10:52:31,5,25,0,30
2025-04-18T11:25:38,5,25,0,30
2025-04-18T11:58:31,5,25,0,30
2025-04-18T12:31:27,5,25,0,30
2025-04-18T13:04:32,5,25,0,30
2025-04-18T13:37:27,5,25,0,30
2025-04-18T14:10:21,5,25,0,30
2025-04-18T14:43:16,5,25,0,30
2025-04-18T15:16:22,5,25,0,30
2025-04-18T15:49:18,5,25,0,30
2025-04-18T16:22:21,5,25,0,30
2025-04-18T16:55:15,5,25,0,30
2025-04-18T17:28:09,5,25,0,30
2025-04-18T18:01:02,5,25,0,30
2025-04-18T18:34:07,5,25,0,30
2025-04-18T19:07:02,5,25,0,30
2025-04-18T19:39:55,5,25,0,30
2025-04-18T20:12:58,5,25,0,30
2025-04-18T20:45:52,5,25,0,30
2025-04-18T21:18:45,5,25,0,30
2025-04-18T21:51:39,5,25,0,30
2025-04-18T22:24:34,5,25,0,30
2025-04-18T22:57:28,5,25,0,30
2025-04-18T23:30:35,5,25,0,30
2025-04-19T00:03:29,5,25,0,30
2025-04-19T00:36:31,5,25,0,30
2025-04-19T01:09:34,5,25,0,30
2025-04-19T01:42:34,5,25,0,30
2025-04-19T02:15:32,5,25,0,30
2025-04-19T02:48:27,5,25,0,30
2025-04-19T03:22:13,5,25,0,30
2025-04-19T03:55:20,5,25,0,30
2025-04-19T04:52:47,5,25,0,30
2025-04-19T05:25:48,5,25,0,30
2025-04-19T05:58:48,5,25,0,30
2025-04-19T06:31:48,5,25,0,30
2025-04-19T07:04:46,5,25,0,30
2025-04-19T07:37:49,5,25,0,30
2025-04-19T08:10:55,5,25,0,30
2025-04-19T08:43:55,5,25,0,30
2025-04-19T09:16:51,5,25,0,30
2025-04-19T09:50:01,5,25,0,30
2025-04-19T10:23:48,5,25,0,30
2025-04-19T10:56:41,5,25,0,30
2025-04-19T11:29:34,5,25,0,30
2025-04-19T12:02:38,5,25,0,30
2025-04-19T12:35:31,5,25,0,30
2025-04-19T13:08:24,5,25,0,30
2025-04-19T13:41:17,5,25,0,30
2025-04-19T14:14:11,5,25,0,30
2025-04-19T14:47:14,5,25,0,30
2025-04-19T15:20:08,5,25,0,30
2025-04-19T15:53:01,5,25,0,30
2025-04-19T16:25:56,5,25,0,30
2025-04-19T16:58:59,5,25,0,30
2025-04-19T17:31:53,5,25,0,30
2025-04-19T18:04:46,5,25,0,30
2025-04-19T18:37:42,5,25,0,30
2025-04-19T19:10:35,5,25,0,30
2025-04-19T19:43:29,5,25,0,30
2025-04-19T20:16:32,5,25,0,30
2025-04-19T20:49:25,5,25,0,30
2025-04-19T21:22:19,5,25,0,30
2025-04-19T21:55:12,5,25,0,30
2025-04-19T22:28:08,5,25,0,30
2025-04-19T23:01:13,5,25,0,30
2025-04-19T23:34:10,5,25,0,30
2025-04-20T00:07:04,5,25,0,30
2025-04-20T01:14:56,5,25,0,30
2025-04-20T01:48:44,5,25,0,30
2025-04-20T02:22:44,5,25,0,30
2025-04-20T02:55:44,5,25,0,30
2025-04-20T03:29:07,5,25,0,30
2025-04-20T04:02:08,5,25,0,30
2025-04-20T04:44:08,5,25,0,30
2025-04-20T05:17:09,5,25,0,30
2025-04-20T05:50:09,5,25,0,30
2025-04-20T06:23:10,5,25,0,30
2025-04-20T06:56:10,5,25,0,30
2025-04-20T07:29:13,5,25,0,30
2025-04-20T08:02:15,5,25,0,30
2025-04-20T08:35:14,5,25,0,30
2025-04-20T09:08:10,5,25,0,30
2025-04-20T09:41:07,5,25,0,30
2025-04-20T10:14:15,5,25,0,30
2025-04-20T10:47:13,5,25,0,30
2025-04-20T11:20:12,5,25,0,30
2025-04-20T11:53:09,5,25,0,30
2025-04-20T12:26:07,5,25,0,30
2025-04-20T12:59:09,5,25,0,30
2025-04-20T13:32:03,5,25,0,30
2025-04-20T14:04:57,5,25,0,30
2025-04-20T14:37:50,5,25,0,30
2025-04-20T15:10:43,5,25,0,30
2025-04-20T15:43:37,5,25,0,30
2025-04-20T16:16:38,5,25,0,30
2025-04-20T16:49:31,5,25,0,30
2025-04-20T17:22:25,5,25,0,30
2025-04-20T17:55:18,5,25,0,30
2025-04-20T18:28:17,5,25,0,30
2025-04-20T19:01:15,5,25,0,30
2025-04-20T19:34:19,5,25,0,30
2025-04-20T20:07:13,5,25,0,30
2025-04-20T20:40:08,5,25,0,30
2025-04-20T21:13:01,5,25,0,30
2025-04-20T21:45:57,5,25,0,30
2025-04-20T22:19:04,5,25,0,30
2025-04-20T22:51:58,5,25,0,30
2025-04-20T23:24:54,5,25,0,30
2025-04-20T23:57:49,5,25,0,30
2025-04-21T00:31:09,5,25,0,30
2025-04-21T01:04:15,5,25,0,30
2025-04-21T01:37:19,5,25,0,30
2025-04-21T02:10:20,5,25,0,30
2025-04-21T02:43:18,5,25,0,30
2025-04-21T03:16:15,5,25,0,30
2025-04-21T03:49:12,5,25,0,30
2025-04-21T04:44:19,5,25,0,30
2025-04-21T05:17:21,5,25,0,30
2025-04-21T05:50:22,5,25,0,30
2025-04-21T06:23:22,5,25,0,30
2025-04-21T06:56:24,5,25,0,30
2025-04-21T07:29:22,5,25,0,30
2025-04-21T08:02:26,5,25,0,30
2025-04-21T08:35:21,5,25,0,30
2025-04-21T09:08:18,5,25,0,30
2025-04-21T09:41:16,5,25,0,30
2025-04-21T10:14:10,5,25,0,30
2025-04-21T10:47:15,5,25,0,30
2025-04-21T11:20:11,5,25,0,30
2025-04-21T11:53:05,5,25,0,30
2025-04-21T12:26:11,5,25,0,30
2025-04-21T12:59:06,5,25,0,30
2025-04-21T13:32:04,5,25,0,30
2025-04-21T14:05:09,5,25,0,30
2025-04-21T14:38:04,5,25,0,30
2025-04-21T15:11:00,5,25,0,30
2025-04-21T15:44:04,5,25,0,30
2025-04-21T16:16:59,5,25,0,30
2025-04-21T16:49:54,5,25,0,30
2025-04-21T17:22:59,5,25,0,30
2025-04-21T17:55:54,5,25,0,30
2025-04-21T18:28:49,5,25,0,30
2025-04-21T19:01:52,5,25,0,30
2025-04-21T19:34:47,5,25,0,30
2025-04-21T20:07:41,5,25,0,30
2025-04-21T20:40:34,5,25,0,30
2025-04-21T21:13:29,5,25,0,30
2025-04-21T21:46:33,5,25,0,30
2025-04-21T22:19:28,5,25,0,30
2025-04-21T22:52:27,5,25,0,30
2025-04-21T23:25:28,5,25,0,30
2025-04-21T23:58:24,5,25,0,30
2025-04-22T00:31:38,5,25,0,30
2025-04-22T01:04:38,5,25,0,30
2025-04-22T01:37:33,5,25,0,30
2025-04-22T02:10:28,5,25,0,30
2025-04-22T02:43:23,5,25,0,30
2025-04-22T03:16:25,5,25,0,30
2025-04-22T03:49:23,5,25,0,30
2025-04-22T04:43:36,5,25,0,30
2025-04-22T05:16:37,5,25,0,30
2025-04-22T05:49:36,5,25,0,30
2025-04-22T06:22:36,5,25,0,30
2025-04-22T06:55:35,5,25,0,30
2025-04-22T07:28:34,5,25,0,30
2025-04-22T08:01:30,5,25,0,30
2025-04-22T08:34:34,5,25,0,30
2025-04-22T09:07:29,5,25,0,30
2025-04-22T09:40:23,5,25,0,30
2025-04-22T10:13:32,5,25,0,30
2025-04-22T10:46:26,5,25,0,30
2025-04-22T11:19:32,5,25,0,30
2025-04-22T11:52:26,5,25,0,30
2025-04-22T12:25:32,5,25,0,30
2025-04-22T12:58:27,5,25,0,30
2025-04-22T13:31:30,5,25,0,30
2025-04-22T14:04:24,5,25,0,30
2025-04-22T14:37:34,5,25,0,30
2025-04-22T15:10:29,5,25,0,30
2025-04-22T15:43:38,5,25,0,30
2025-04-22T16:16:36,5,25,0,30
2025-04-22T16:49:37,5,25,0,30
2025-04-22T17:22:31,5,25,0,30
2025-04-22T17:55:35,5,25,0,30
2025-04-22T18:28:29,5,25,0,30
2025-04-22T19:01:24,5,25,0,30
2025-04-22T19:34:17,5,25,0,30
2025-04-22T20:07:22,5,25,0,30
2025-04-22T20:40:20,5,25,0,30
2025-04-22T21:13:13,5,25,0,30
2025-04-22T21:46:08,5,25,0,30
2025-04-22T22:19:13,5,25,0,30
2025-04-22T22:52:07,5,25,0,30
2025-04-22T23:25:03,5,25,0,30
2025-04-22T23:57:59,5,25,0,30
2025-04-23T00:30:58,5,25,0,30
2025-04-23T01:04:04,5,25,0,30
2025-04-23T01:37:16,5,25,0,30
2025-04-23T02:10:16,5,25,0,30
2025-04-23T02:43:16,5,25,0,30
2025-04-23T03:16:48,5,25,0,30
2025-04-23T03:49:46,5,25,0,30
2025-04-23T04:45:24,5,25,0,30
2025-04-23T05:18:23,5,25,0,30
2025-04-23T05:51:23,5,25,0,30
2025-04-23T06:24:22,5,25,0,30
2025-04-23T06:57:27,5,25,0,30
2025-04-23T07:30:25,5,25,0,30
2025-04-23T08:03:20,5,25,0,30
2025-04-23T08:36:25,5,25,0,30
2025-04-23T09:09:19,5,25,0,30
2025-04-23T09:42:14,5,25,0,30
2025-04-23T10:15:09,5,25,0,30
2025-04-23T10:48:07,5,25,0,30
2025-04-23T11:21:11,5,25,0,30
2025-04-23T11:54:06,5,25,0,30
2025-04-23T12:27:00,5,25,0,30
2025-04-23T13:00:04,5,25,0,30
2025-04-23T13:32:59,5,25,0,30
2025-04-23T14:05:58,5,25,0,30
2025-04-23T14:39:03,5,25,0,30
2025-04-23T15:11:57,5,25,0,30
2025-04-23T15:44:53,5,25,0,30
2025-04-23T16:17:57,5,25,0,30
2025-04-23T16:50:53,5,25,0,30
2025-04-23T17:23:49,5,25,0,30
2025-04-23T17:56:43,5,25,0,30
2025-04-23T18:29:39,5,25,0,30
2025-04-23T19:02:42,5,25,0,30
2025-04-23T19:35:39,5,25,0,30
2025-04-23T20:08:33,5,25,0,30
2025-04-23T20:41:29,5,25,0,30
2025-04-23T21:14:33,5,25,0,30
2025-04-23T21:47:29,5,25,0,30
2025-04-23T22:20:26,5,25,0,30
2025-04-23T22:53:22,5,25,0,30
2025-04-23T23:26:19,5,25,0,30
2025-04-23T23:59:25,5,25,0,30
2025-04-24T00:32:33,5,25,0,30
2025-04-24T01:05:38,5,25,0,30
2025-04-24T01:38:40,5,25,0,30
2025-04-24T02:11:40,5,25,0,30
2025-04-24T02:44:39,5,25,0,30
2025-04-24T03:17:58,5,25,0,30
2025-04-24T03:50:58,5,25,0,30
2025-04-24T04:43:57,5,25,0,30
2025-04-24T05:16:58,5,25,0,30
2025-04-24T05:50:04,5,25,0,30
2025-04-24T06:23:08,5,25,0,30
2025-04-24T06:56:07,5,25,0,30
2025-04-24T07:29:05,5,25,0,30
2025-04-24T08:02:02,5,25,0,30
2025-04-24T08:35:05,5,25,0,30
2025-04-24T09:08:01,5,25,0,30
2025-04-24T09:40:57,5,25,0,30
2025-04-24T10:13:52,5,25,0,30
2025-04-24T10:46:45,5,25,0,30
2025-04-24T11:19:49,5,25,0,30
2025-04-24T11:52:43,5,25,0,30
2025-04-24T12:25:39,5,25,0,30
2025-04-24T12:58:41,5,25,0,30
2025-04-24T13:31:36,5,25,0,30
2025-04-24T14:04:30,5,25,0,30
2025-04-24T14:37:25,5,25,0,30
2025-04-24T15:10:29,5,25,0,30
2025-04-24T15:43:22,5,25,0,30
2025-04-24T16:16:17,5,25,0,30
2025-04-24T16:49:22,5,25,0,30
2025-04-24T17:22:17,5,25,0,30
2025-04-24T17:55:10,5,25,0,30
2025-04-24T18:28:04,5,25,0,30
2025-04-24T19:01:10,5,25,0,30
2025-04-24T19:34:04,5,25,0,30
2025-04-24T20:06:58,5,25,0,30
2025-04-24T20:39:53,5,25,0,30
2025-04-24T21:12:54,5,25,0,30
2025-04-24T21:45:57,5,25,0,30
2025-04-24T22:18:50,5,25,0,30
2025-04-24T22:51:46,5,25,0,30
2025-04-24T23:24:43,5,25,0,30
2025-04-24T23:57:40,5,25,0,30
2025-04-25T00:30:59,5,25,0,30
2025-04-25T01:04:04,5,25,0,30
2025-04-25T01:37:06,5,25,0,30
2025-04-25T02:10:08,5,25,0,30
2025-04-25T02:43:19,5,25,0,30
2025-04-25T03:16:21,5,25,0,30
2025-04-25T03:49:46,5,25,0,30
2025-04-25T04:40:01,5,25,0,30
2025-04-25T05:13:01,5,25,0,30
2025-04-25T05:46:03,5,25,0,30
2025-04-25T06:19:04,5,25,0,30
2025-04-25T06:52:05,5,25,0,30
2025-04-25T07:25:03,5,25,0,30
2025-04-25T07:57:59,5,25,0,30
2025-04-25T08:31:03,5,25,0,30
2025-04-25T09:03:58,5,25,0,30
2025-04-25T09:36:52,5,25,0,30
2025-04-25T10:09:46,5,25,0,30
2025-04-25T10:43:06,5,25,0,30
2025-04-25T11:16:00,5,25,0,30
2025-04-25T11:48:57,5,25,0,30
2025-04-25T12:21:51,5,25,0,30
2025-04-25T12:54:54,5,25,0,30
2025-04-25T13:27:47,5,25,0,30
2025-04-25T14:00:42,5,25,0,30
2025-04-25T14:33:52,5,25,0,30
2025-04-25T15:06:46,5,25,0,30
2025-04-25T15:39:41,5,25,0,30
2025-04-25T16:12:44,5,25,0,30
2025-04-25T16:45:38,5,25,0,30
2025-04-25T17:18:32,5,25,0,30
2025-04-25T17:51:27,5,25,0,30
2025-04-25T18:24:44,5,25,0,30
2025-04-25T18:57:38,5,25,0,30
2025-04-25T19:30:32,5,25,0,30
2025-04-25T20:03:26,5,25,0,30
2025-04-25T20:36:29,5,25,0,30
2025-04-25T21:09:22,5,25,0,30
2025-04-25T21:42:15,5,25,0,30
2025-04-25T22:15:10,5,25,0,30
2025-04-25T22:48:05,5,25,0,30
2025-04-25T23:21:17,5,25,0,30
2025-04-25T23:54:11,5,25,0,30
2025-04-26T00:27:23,5,25,0,30
2025-04-26T01:00:27,5,25,0,30
2025-04-26T01:33:27,5,25,0,30
2025-04-26T02:06:25,5,25,0,30
2025-04-26T02:39:46,5,25,0,30
2025-04-26T03:12:40,5,25,0,30
2025-04-26T03:45:35,5,25,0,30
2025-04-26T04:51:26,5,25,0,30
2025-04-26T05:26:34,5,25,0,30
2025-04-26T05:59:58,5,25,0,30
2025-04-26T06:33:04,5,25,0,30
2025-04-26T07:06:07,5,25,0,30
2025-04-26T07:39:16,5,25,0,30
2025-04-26T08:12:15,5,25,0,30
2025-04-26T08:45:13,5,25,0,30
2025-04-26T09:18:16,5,25,0,30
2025-04-26T09:51:17,5,25,0,30
2025-04-26T10:24:17,5,25,0,30
2025-04-26T10:57:26,5,25,0,30
2025-04-26T11:30:23,5,25,0,30
2025-04-26T12:03:21,5,25,0,30
2025-04-26T12:36:20,5,25,0,30
2025-04-26T13:09:23,5,25,0,30
2025-04-26T13:42:18,5,25,0,30
2025-04-26T14:15:13,5,25,0,30
2025-04-26T14:48:07,5,25,0,30
2025-04-26T15:21:05,5,25,0,30
2025-04-26T15:53:59,5,25,0,30
2025-04-26T16:27:06,5,25,0,30
2025-04-26T17:00:00,5,25,0,30
2025-04-26T17:32:56,5,25,0,30
2025-04-26T18:05:53,5,25,0,30
2025-04-26T18:38:48,5,25,0,30
2025-04-26T19:11:43,5,25,0,30
2025-04-26T19:44:46,5,25,0,30
2025-04-26T20:17:42,5,25,0,30
2025-04-26T20:50:36,5,25,0,30
2025-04-26T21:23:30,5,25,0,30
2025-04-26T21:56:25,5,25,0,30
2025-04-26T22:29:23,5,25,0,30
2025-04-26T23:02:29,5,25,0,30
2025-04-26T23:35:25,5,25,0,30
2025-04-27T00:08:20,5,25,0,30
2025-04-27T00:41:22,5,25,0,30
2025-04-27T01:14:36,5,25,0,30
2025-04-27T01:47:43,5,25,0,30
2025-04-27T02:20:51,5,25,0,30
2025-04-27T02:53:51,5,25,0,30
2025-04-27T03:26:51,5,25,0,30
2025-04-27T04:00:06,5,25,0,30
2025-04-27T04:50:59,5,25,0,30
2025-04-27T05:24:08,5,25,0,30
2025-04-27T05:57:39,5,25,0,30
2025-04-27T06:30:48,5,25,0,30
2025-04-27T07:03:56,5,25,0,30
2025-04-27T07:37:04,5,25,0,30
2025-04-27T08:10:13,5,25,0,30
2025-04-27T08:43:17,5,25,0,30
2025-04-27T09:16:29,5,25,0,30
2025-04-27T09:49:41,5,25,0,30
2025-04-27T10:22:54,5,25,0,30
2025-04-27T10:56:10,5,25,0,30
2025-04-27T11:29:19,5,25,0,30
2025-04-27T12:02:16,5,25,0,30
2025-04-27T12:35:22,5,25,0,30
2025-04-27T13:08:16,5,25,0,30
2025-04-27T13:41:11,5,25,0,30
2025-04-27T14:14:06,5,25,0,30
2025-04-27T14:47:00,5,25,0,30
2025-04-27T15:19:55,5,25,0,30
2025-04-27T15:52:59,5,25,0,30
2025-04-27T16:25:52,5,25,0,30
2025-04-27T16:58:48,5,25,0,30
2025-04-27T17:31:45,5,25,0,30
2025-04-27T18:04:39,5,25,0,30
2025-04-27T18:37:43,5,25,0,30
2025-04-27T19:10:39,5,25,0,30
2025-04-27T19:43:35,5,25,0,30
2025-04-27T20:16:32,5,25,0,30
2025-04-27T20:49:26,5,25,0,30
2025-04-27T21:22:30,5,25,0,30
2025-04-27T21:55:28,5,25,0,30
2025-04-27T22:28:25,5,25,0,30
2025-04-27T23:01:20,5,25,0,30
2025-04-27T23:34:17,5,25,0,30
2025-04-28T00:07:45,5,25,0,30
2025-04-28T00:41:05,5,25,0,30
2025-04-28T01:14:11,5,25,0,30
2025-04-28T01:47:15,5,25,0,30
2025-04-28T02:20:38,5,25,0,30
2025-04-28T02:53:36,5,25,0,30
2025-04-28T03:26:37,5,25,0,30
2025-04-28T03:59:36,5,25,0,30
2025-04-28T04:53:48,5,25,0,30
2025-04-28T05:26:51,5,25,0,30
2025-04-28T05:59:56,5,25,0,30
2025-04-28T06:32:58,5,25,0,30
2025-04-28T07:06:04,5,25,0,30
2025-04-28T07:39:04,5,25,0,30
2025-04-28T08:12:01,5,25,0,30
2025-04-28T08:45:00,5,25,0,30
2025-04-28T09:17:56,5,25,0,30
2025-04-28T09:51:00,5,25,0,30
2025-04-28T10:23:56,5,25,0,30
2025-04-28T10:56:52,5,25,0,30
2025-04-28T11:29:49,5,25,0,30
2025-04-28T12:02:55,5,25,0,30
2025-04-28T12:35:50,5,25,0,30
2025-04-28T13:09:03,5,25,0,30
2025-04-28T13:42:10,5,25,0,30
2025-04-28T14:15:22,5,25,0,30
2025-04-28T14:48:17,5,25,0,30
2025-04-28T15:21:22,5,25,0,30
2025-04-28T15:54:18,5,25,0,30
2025-04-28T16:27:14,5,25,0,30
2025-04-28T17:00:31,5,25,0,30
2025-04-28T17:33:27,5,25,0,30
2025-04-28T18:06:24,5,25,0,30
2025-04-28T18:39:20,5,25,0,30
2025-04-28T19:12:26,5,25,0,30
2025-04-28T19:45:22,5,25,0,30
2025-04-28T20:18:17,5,25,0,30
2025-04-28T20:51:11,5,25,0,30
2025-04-28T21:24:07,5,25,0,30
2025-04-28T21:57:13,5,25,0,30
2025-04-28T22:30:09,5,25,0,30
2025-04-28T23:03:07,5,25,0,30
2025-04-28T23:36:03,5,25,0,30
2025-04-29T00:09:02,5,25,0,30
2025-04-29T00:42:16,5,25,0,30
2025-04-29T01:15:18,5,25,0,30
2025-04-29T01:48:19,5,25,0,30
2025-04-29T02:21:19,5,25,0,30
2025-04-29T02:54:42,5,25,0,30
2025-04-29T03:27:43,5,25,0,30
2025-04-29T04:00:43,5,25,0,30
2025-04-29T04:49:01,5,25,0,30
2025-04-29T05:22:03,5,25,0,30
2025-04-29T05:55:07,5,25,0,30
2025-04-29T06:28:14,5,25,0,30
2025-04-29T07:01:16,5,25,0,30
2025-04-29T07:34:15,5,25,0,30
2025-04-29T08:07:13,5,25,0,30
2025-04-29T08:40:13,5,25,0,30
2025-04-29T09:13:18,5,25,0,30
2025-04-29T09:46:13,5,25,0,30
2025-04-29T10:19:08,5,25,0,30
2025-04-29T10:52:03,5,25,0,30
2025-04-29T11:25:09,5,25,0,30
2025-04-29T11:58:04,5,25,0,30
2025-04-29T12:30:59,5,25,0,30
2025-04-29T13:03:54,5,25,0,30
2025-04-29T13:37:00,5,25,0,30
2025-04-29T14:09:54,5,25,0,30
2025-04-29T14:42:49,5,25,0,30
2025-04-29T15:15:44,5,25,0,30
2025-04-29T15:48:51,5,25,0,30
2025-04-29T16:21:50,5,25,0,30
2025-04-29T16:54:54,5,25,0,30
2025-04-29T17:27:50,5,25,0,30
2025-04-29T18:00:44,5,25,0,30
2025-04-29T18:33:39,5,25,0,30
2025-04-29T19:06:33,5,25,0,30
2025-04-29T19:41:08,5,25,0,30
2025-04-29T20:14:50,5,25,0,30
2025-04-29T20:47:47,5,25,0,30
2025-04-29T21:20:41,5,25,0,30
2025-04-29T21:53:36,5,25,0,30
2025-04-29T22:26:42,5,25,0,30
2025-04-29T22:59:39,5,25,0,30
2025-04-29T23:32:36,5,25,0,30
2025-04-30T00:05:48,5,25,0,30
2025-04-30T00:40:04,5,25,0,30
2025-04-30T01:13:16,5,25,0,30
2025-04-30T01:46:17,5,25,0,30
2025-04-30T02:19:19,5,25,0,30
2025-04-30T02:52:18,5,25,0,30
2025-04-30T03:25:17,5,25,0,30
2025-04-30T03:58:44,5,25,0,30
2025-04-30T04:40:09,5,25,0,30
2025-04-30T05:13:11,5,25,0,30
2025-04-30T05:46:13,5,25,0,30
2025-04-30T06:19:16,5,25,0,30
2025-04-30T06:52:15,5,25,0,30
2025-04-30T07:25:18,5,25,0,30
2025-04-30T07:58:14,5,25,0,30
2025-04-30T08:31:12,5,25,0,30
2025-04-30T09:04:07,5,25,0,30
2025-04-30T09:37:09,5,25,0,30
2025-04-30T10:10:05,5,25,0,30
2025-04-30T10:42:59,5,25,0,30
2025-04-30T11:15:53,5,25,0,30
2025-04-30T11:48:55,5,25,0,30
2025-04-30T12:21:49,5,25,0,30
2025-04-30T12:54:45,5,25,0,30
2025-04-30T13:27:50,5,25,0,30
2025-04-30T14:00:45,5,25,0,30
2025-04-30T14:33:39,5,25,0,30
2025-04-30T15:06:33,5,25,0,30
2025-04-30T15:39:39,5,25,0,30
2025-04-30T16:12:33,5,25,0,30
2025-04-30T16:45:27,5,25,0,30
2025-04-30T17:18:32,5,25,0,30
2025-04-30T17:51:26,5,25,0,30
2025-04-30T18:24:20,5,25,0,30
2025-04-30T18:57:14,5,25,0,30
2025-04-30T19:30:18,5,25,0,30
2025-04-30T20:03:11,5,25,0,30
2025-04-30T20:36:07,5,25,0,30
2025-04-30T21:09:01,5,25,0,30
2025-04-30T21:42:05,5,25,0,30
2025-04-30T22:15:00,5,25,0,30
2025-04-30T22:47:53,5,25,0,30
2025-04-30T23:20:48,5,25,0,30
2025-04-30T23:53:46,5,25,0,30
2025-05-01T00:26:43,5,25,0,30
2025-05-01T00:59:56,5,25,0,30
2025-05-01T01:32:57,5,25,0,30
2025-05-01T02:05:58,5,25,0,30
2025-05-01T02:38:57,5,25,0,30
2025-05-01T03:12:21,5,25,0,30
2025-05-01T03:45:18,5,25,0,30
2025-05-01T04:41:01,5,25,0,30
2025-05-01T05:13:59,5,25,0,30
2025-05-01T05:47:04,5,25,0,30
2025-05-01T06:20:06,5,25,0,30
2025-05-01T06:53:09,5,25,0,30
2025-05-01T07:26:13,5,25,0,30
2025-05-01T07:59:09,5,25,0,30
2025-05-01T08:32:06,5,25,0,30
2025-05-01T09:05:02,5,25,0,30
2025-05-01T09:38:10,5,25,0,30
2025-05-01T10:11:05,5,25,0,30
2025-05-01T10:43:59,5,25,0,30
2025-05-01T11:16:55,5,25,0,30
2025-05-01T11:50:05,5,25,0,30
2025-05-01T12:23:00,5,25,0,30
2025-05-01T12:55:55,5,25,0,30
2025-05-01T13:28:50,5,25,0,30
2025-05-01T14:01:56,5,25,0,30
2025-05-01T14:34:52,5,25,0,30
2025-05-01T15:07:48,5,25,0,30
2025-05-01T15:40:45,5,25,0,30
2025-05-01T16:13:54,5,25,0,30
2025-05-01T16:46:50,5,25,0,30
2025-05-01T17:19:58,5,25,0,30
2025-05-01T17:52:55,5,25,0,30
2025-05-01T18:25:51,5,25,0,30
2025-05-01T18:58:48,5,25,0,30
2025-05-01T19:32:02,5,25,0,30
2025-05-01T20:05:00,5,25,0,30
2025-05-01T20:37:56,5,25,0,30
2025-05-01T21:11:07,5,25,0,30
2025-05-01T21:44:04,5,25,0,30
2025-05-01T22:17:00,5,25,0,30
2025-05-01T22:50:03,5,25,0,30
2025-05-01T23:23:14,5,25,0,30
2025-05-01T23:56:15,5,25,0,30
2025-05-02T00:29:15,5,25,0,30
2025-05-02T01:02:27,5,25,0,30
2025-05-02T01:35:29,5,25,0,30
2025-05-02T02:08:43,5,25,0,30
2025-05-02T02:41:56,5,25,0,30
2025-05-02T03:14:58,5,25,0,30
2025-05-02T03:47:56,5,25,0,30
2025-05-02T04:49:09,5,25,0,30
2025-05-02T05:22:14,5,25,0,30
2025-05-02T05:55:17,5,25,0,30
2025-05-02T06:28:18,5,25,0,30
2025-05-02T07:01:23,5,25,0,30
2025-05-02T07:34:23,5,25,0,30
2025-05-02T08:07:23,5,25,0,30
2025-05-02T08:40:20,5,25,0,30
2025-05-02T09:13:28,5,25,0,30
2025-05-02T09:46:26,5,25,0,30
2025-05-02T10:19:25,5,25,0,30
2025-05-02T10:52:32,5,25,0,30
2025-05-02T11:25:28,5,25,0,30
2025-05-02T11:58:23,5,25,0,30
2025-05-02T12:31:28,5,25,0,30
2025-05-02T13:04:24,5,25,0,30
2025-05-02T13:37:20,5,25,0,30
2025-05-02T14:10:26,5,25,0,30
2025-05-02T14:43:21,5,25,0,30
2025-05-02T15:16:16,5,25,0,30
2025-05-02T15:49:11,5,25,0,30
2025-05-02T16:22:16,5,25,0,30
2025-05-02T16:55:22,5,25,0,30
2025-05-02T17:28:18,5,25,0,30
2025-05-02T18:01:13,5,25,0,30
2025-05-02T18:34:08,5,25,0,30
2025-05-02T19:07:02,5,25,0,30
2025-05-02T19:40:08,5,25,0,30
2025-05-02T20:13:03,5,25,0,30
2025-05-02T20:45:58,5,25,0,30
2025-05-02T21:18:52,5,25,0,30
2025-05-02T21:51:47,5,25,0,30
2025-05-02T22:24:45,5,25,0,30
2025-05-02T22:57:51,5,25,0,30
2025-05-02T23:30:49,5,25,0,30
2025-05-03T00:03:45,5,25,0,30
2025-05-03T00:37:04,5,25,0,30
2025-05-03T01:10:07,5,25,0,30
2025-05-03T01:43:10,5,25,0,30
2025-05-03T02:16:09,5,25,0,30
2025-05-03T02:49:34,5,25,0,30
2025-05-03T03:22:34,5,25,0,30
2025-05-03T03:55:44,5,25,0,30
2025-05-04T22:03:41,5,25,0,30
2025-05-04T22:36:38,5,25,0,30
2025-05-04T23:09:34,5,25,0,30
2025-05-04T23:42:30,5,25,0,30
2025-05-05T00:16:02,5,25,0,30
2025-05-05T00:49:10,5,25,0,30
2025-05-05T01:22:16,5,25,0,30
2025-05-05T01:55:18,5,25,0,30
2025-05-05T02:28:53,5,25,0,30
2025-05-05T03:01:51,5,25,0,30
2025-05-05T03:34:49,5,25,0,30
2025-05-05T04:10:08,5,25,0,30
2025-05-05T04:53:14,5,25,0,30
2025-05-05T05:26:16,5,25,0,30
2025-05-05T05:59:19,5,25,0,30
2025-05-05T06:32:21,5,25,0,30
2025-05-05T07:05:26,5,25,0,30
2025-05-05T07:38:25,5,25,0,30
2025-05-05T08:11:22,5,25,0,30
2025-05-05T08:44:19,5,25,0,30
2025-05-05T09:17:25,5,25,0,30
2025-05-05T09:50:20,5,25,0,30
2025-05-05T10:23:16,5,25,0,30
2025-05-05T10:56:11,5,25,0,30
2025-05-05T11:29:18,5,25,0,30
2025-05-05T12:02:14,5,25,0,30
2025-05-05T12:35:12,5,25,0,30
2025-05-05T13:08:17,5,25,0,30
2025-05-05T13:41:11,5,25,0,30
2025-05-05T14:14:07,5,25,0,30
2025-05-05T14:47:01,5,25,0,30
2025-05-05T15:20:07,5,25,0,30
2025-05-05T15:53:02,5,25,0,30
2025-05-05T16:25:57,5,25,0,30
2025-05-05T16:59:01,5,25,0,30
2025-05-05T17:31:57,5,25,0,30
2025-05-05T18:04:54,5,25,0,30
2025-05-05T18:37:51,5,25,0,30
2025-05-05T19:10:57,5,25,0,30
2025-05-05T19:43:53,5,25,0,30
2025-05-05T20:16:49,5,25,0,30
2025-05-05T20:49:44,5,25,0,30
2025-05-05T21:22:38,5,25,0,30
2025-05-05T21:55:44,5,25,0,30
2025-05-05T22:28:39,5,25,0,30
2025-05-05T23:01:36,5,25,0,30
2025-05-05T23:34:33,5,25,0,30
2025-05-06T00:07:31,5,25,0,30
2025-05-06T00:40:45,5,25,0,30
2025-05-06T01:13:48,5,25,0,30
2025-05-06T01:46:48,5,25,0,30
2025-05-06T02:19:49,5,25,0,30
2025-05-06T02:52:54,5,25,0,30
2025-05-06T03:26:12,5,25,0,30
2025-05-06T03:59:11,5,25,0,30
2025-05-06T04:53:47,5,25,0,30
2025-05-06T05:26:48,5,25,0,30
2025-05-06T05:59:51,5,25,0,30
2025-05-06T06:32:53,5,25,0,30
2025-05-06T07:06:00,5,25,0,30
2025-05-06T07:38:58,5,25,0,30
2025-05-06T08:11:56,5,25,0,30
2025-05-06T08:45:02,5,25,0,30
2025-05-06T09:17:57,5,25,0,30
2025-05-06T09:50:53,5,25,0,30
2025-05-06T10:23:49,5,25,0,30
2025-05-06T10:56:56,5,25,0,30
2025-05-06T11:29:54,5,25,0,30
2025-05-06T12:02:51,5,25,0,30
2025-05-06T12:35:59,5,25,0,30
2025-05-06T13:08:55,5,25,0,30
2025-05-06T13:41:51,5,25,0,30
2025-05-06T14:14:57,5,25,0,30
2025-05-06T14:47:53,5,25,0,30
2025-05-06T15:20:50,5,25,0,30
2025-05-06T15:53:54,5,25,0,30
2025-05-06T16:26:51,5,25,0,30
2025-05-06T16:59:47,5,25,0,30
2025-05-06T17:32:44,5,25,0,30
2025-05-06T18:05:51,5,25,0,30
2025-05-06T18:38:47,5,25,0,30
2025-05-06T19:11:41,5,25,0,30
2025-05-06T19:44:46,5,25,0,30
2025-05-06T20:17:42,5,25,0,30
2025-05-06T20:50:37,5,25,0,30
2025-05-06T21:23:32,5,25,0,30
2025-05-06T21:56:30,5,25,0,30
2025-05-06T22:29:37,5,25,0,30
2025-05-06T23:02:33,5,25,0,30
2025-05-06T23:35:30,5,25,0,30
2025-05-07T00:08:29,5,25,0,30
2025-05-07T00:41:33,5,25,0,30
2025-05-07T01:14:36,5,25,0,30
2025-05-07T01:47:37,5,25,0,30
2025-05-07T02:20:48,5,25,0,30
2025-05-07T02:53:47,5,25,0,30
2025-05-07T03:26:45,5,25,0,30
2025-05-07T03:59:46,5,25,0,30
2025-05-07T04:43:21,5,25,0,30
2025-05-07T05:16:38,5,25,0,30
2025-05-07T05:49:39,5,25,0,30
2025-05-07T06:22:41,5,25,0,30
2025-05-07T06:55:45,5,25,0,30
2025-05-07T07:28:47,5,25,0,30
2025-05-07T08:01:46,5,25,0,30
2025-05-07T08:34:44,5,25,0,30
2025-05-07T09:07:58,5,25,0,30
2025-05-07T09:40:57,5,25,0,30
2025-05-07T10:13:55,5,25,0,30
2025-05-07T10:46:52,5,25,0,30
2025-05-07T11:19:51,5,25,0,30
2025-05-07T11:52:59,5,25,0,30
2025-05-07T12:25:56,5,25,0,30
2025-05-07T12:58:52,5,25,0,30
2025-05-07T13:31:58,5,25,0,30
2025-05-07T14:04:53,5,25,0,30
2025-05-07T14:37:48,5,25,0,30
2025-05-07T15:10:54,5,25,0,30
2025-05-07T15:43:52,5,25,0,30
2025-05-07T16:16:58,5,25,0,30
2025-05-07T16:49:54,5,25,0,30
2025-05-07T17:22:51,5,25,0,30
2025-05-07T17:55:55,5,25,0,30
2025-05-07T18:28:53,5,25,0,30
2025-05-07T19:01:50,5,25,0,30
2025-05-07T19:34:45,5,25,0,30
2025-05-07T20:07:42,5,25,0,30
2025-05-07T20:40:37,5,25,0,30
2025-05-07T21:13:41,5,25,0,30
2025-05-07T21:46:36,5,25,0,30
2025-05-07T22:19:32,5,25,0,30
2025-05-07T22:52:28,5,25,0,30
2025-05-07T23:25:37,5,25,0,30
2025-05-07T23:58:33,5,25,0,30
2025-05-08T00:31:33,5,25,0,30
2025-05-08T01:04:37,5,25,0,30
2025-05-08T01:37:39,5,25,0,30
2025-05-08T02:10:39,5,25,0,30
2025-05-08T02:43:52,5,25,0,30
2025-05-08T03:17:12,5,25,0,30
2025-05-08T03:50:19,5,25,0,30
2025-05-08T04:53:22,5,25,0,30
2025-05-08T05:26:23,5,25,0,30
2025-05-08T05:59:25,5,25,0,30
2025-05-08T06:32:28,5,25,0,30
2025-05-08T07:05:34,5,25,0,30
2025-05-08T07:38:32,5,25,0,30
2025-05-08T08:11:31,5,25,0,30
2025-05-08T08:44:42,5,25,0,30
2025-05-08T09:17:38,5,25,0,30
2025-05-08T09:50:33,5,25,0,30
2025-05-08T10:23:30,5,25,0,30
2025-05-08T10:56:25,5,25,0,30
2025-05-08T11:29:30,5,25,0,30
2025-05-08T12:02:28,5,25,0,30
2025-05-08T12:35:29,5,25,0,30
2025-05-08T13:08:35,5,25,0,30
2025-05-08T13:41:30,5,25,0,30
2025-05-08T14:14:25,5,25,0,30
2025-05-08T14:47:32,5,25,0,30
2025-05-08T15:20:28,5,25,0,30
2025-05-08T15:53:24,5,25,0,30
2025-05-08T16:26:31,5,25,0,30
2025-05-08T16:59:29,5,25,0,30
2025-05-08T17:32:27,5,25,0,30
2025-05-08T18:05:23,5,25,0,30
2025-05-08T18:38:31,5,25,0,30
2025-05-08T19:11:29,5,25,0,30
2025-05-08T19:44:25,5,25,0,30
2025-05-08T20:17:21,5,25,0,30
2025-05-08T20:50:16,5,25,0,30
2025-05-08T21:23:22,5,25,0,30
2025-05-08T21:56:17,5,25,0,30
2025-05-08T22:29:13,5,25,0,30
2025-05-08T23:02:10,5,25,0,30
2025-05-08T23:35:07,5,25,0,30
2025-05-09T00:08:18,5,25,0,30
2025-05-09T00:41:23,5,25,0,30
2025-05-09T01:14:27,5,25,0,30
2025-05-09T01:47:30,5,25,0,30
2025-05-09T02:20:32,5,25,0,30
2025-05-09T02:53:49,5,25,0,30
2025-05-09T03:26:51,5,25,0,30
2025-05-09T03:59:59,5,25,0,30
2025-05-09T04:48:59,5,25,0,30
2025-05-09T05:22:01,5,25,0,30
2025-05-09T05:55:04,5,25,0,30
2025-05-09T06:28:04,5,25,0,30
2025-05-09T07:01:10,5,25,0,30
2025-05-09T07:34:08,5,25,0,30
2025-05-09T08:07:05,5,25,0,30
2025-05-09T08:40:02,5,25,0,30
2025-05-09T09:13:09,5,25,0,30
2025-05-09T09:46:05,5,25,0,30
2025-05-09T10:19:02,5,25,0,30
2025-05-09T10:51:58,5,25,0,30
2025-05-09T11:24:53,5,25,0,30
2025-05-09T11:57:55,5,25,0,30
2025-05-09T12:31:01,5,25,0,30
2025-05-09T13:03:57,5,25,0,30
2025-05-09T13:36:51,5,25,0,30
2025-05-09T14:09:48,5,25,0,30
2025-05-09T14:42:53,5,25,0,30
2025-05-09T15:15:48,5,25,0,30
2025-05-09T15:48:45,5,25,0,30
2025-05-09T16:21:53,5,25,0,30
2025-05-09T16:54:49,5,25,0,30
2025-05-09T17:27:45,5,25,0,30
2025-05-09T18:00:40,5,25,0,30
2025-05-09T18:33:36,5,25,0,30
2025-05-09T19:06:31,5,25,0,30
2025-05-09T19:39:34,5,25,0,30
2025-05-09T20:12:29,5,25,0,30
2025-05-09T20:45:24,5,25,0,30
2025-05-09T21:18:20,5,25,0,30
2025-05-09T21:51:17,5,25,0,30
2025-05-09T22:24:13,5,25,0,30
2025-05-09T22:57:19,5,25,0,30
2025-05-09T23:30:19,5,25,0,30
2025-05-10T00:03:23,5,25,0,30
2025-05-10T00:36:59,5,25,0,30
2025-05-10T01:10:01,5,25,0,30
2025-05-10T01:43:01,5,25,0,30
2025-05-10T02:16:13,5,25,0,30
2025-05-10T02:49:22,5,25,0,30
2025-05-10T03:22:22,5,25,0,30
2025-05-10T03:55:21,5,25,0,30
2025-05-10T04:50:46,5,25,0,30
2025-05-10T05:23:49,5,25,0,30
2025-05-10T05:56:51,5,25,0,30
2025-05-10T06:29:57,5,25,0,30
2025-05-10T07:03:02,5,25,0,30
2025-05-10T07:36:02,5,25,0,30
2025-05-10T08:08:59,5,25,0,30
2025-05-10T08:42:04,5,25,0,30
2025-05-10T09:15:00,5,25,0,30
2025-05-10T09:47:55,5,25,0,30
2025-05-10T10:20:49,5,25,0,30
2025-05-10T10:54:00,5,25,0,30
2025-05-10T11:27:02,5,25,0,30
2025-05-10T12:00:05,5,25,0,30
2025-05-10T12:33:00,5,25,0,30
2025-05-10T13:05:54,5,25,0,30
2025-05-10T13:38:49,5,25,0,30
2025-05-10T14:11:43,5,25,0,30
2025-05-10T14:44:38,5,25,0,30
2025-05-10T15:17:42,5,25,0,30
2025-05-10T15:50:37,5,25,0,30
2025-05-10T16:23:31,5,25,0,30
2025-05-10T16:56:25,5,25,0,30
2025-05-10T17:29:21,5,25,0,30
2025-05-10T18:02:26,5,25,0,30
2025-05-10T18:35:22,5,25,0,30
2025-05-10T19:08:18,5,25,0,30
2025-05-10T19:41:13,5,25,0,30
2025-05-10T20:14:07,5,25,0,30
2025-05-10T20:47:03,5,25,0,30
2025-05-10T21:19:58,5,25,0,30
2025-05-10T21:53:02,5,25,0,30
2025-05-10T22:25:57,5,25,0,30
2025-05-10T22:58:52,5,25,0,30
2025-05-10T23:31:47,5,25,0,30
2025-05-11T00:04:43,5,25,0,30
2025-05-11T00:37:46,5,25,0,30
2025-05-11T01:10:57,5,25,0,30
2025-05-11T01:44:00,5,25,0,30
2025-05-11T02:17:12,5,25,0,30
2025-05-11T02:50:12,5,25,0,30
2025-05-11T03:23:12,5,25,0,30
2025-05-11T03:56:14,5,25,0,30
2025-05-11T04:42:55,5,25,0,30
2025-05-11T05:16:01,5,25,0,30
2025-05-11T05:49:13,5,25,0,30
2025-05-11T06:22:17,5,25,0,30
2025-05-11T06:55:22,5,25,0,30
2025-05-11T07:28:28,5,25,0,30
2025-05-11T08:01:35,5,25,0,30
2025-05-11T08:34:36,5,25,0,30
2025-05-11T09:07:35,5,25,0,30
2025-05-11T09:40:41,5,25,0,30
2025-05-11T10:13:46,5,25,0,30
2025-05-11T10:46:54,5,25,0,30
2025-05-11T11:20:05,5,25,0,30
2025-05-11T11:53:05,5,25,0,30
2025-05-11T12:26:14,5,25,0,30
2025-05-11T12:59:09,5,25,0,30
2025-05-11T13:32:04,5,25,0,30
2025-05-11T14:04:59,5,25,0,30
2025-05-11T14:37:54,5,25,0,30
2025-05-11T15:10:48,5,25,0,30
2025-05-11T15:43:54,5,25,0,30
2025-05-11T16:16:50,5,25,0,30
2025-05-11T16:49:44,5,25,0,30
2025-05-11T17:22:40,5,25,0,30
2025-05-11T17:55:35,5,25,0,30
2025-05-11T18:28:32,5,25,0,30
2025-05-11T19:01:37,5,25,0,30
2025-05-11T19:34:36,5,25,0,30
2025-05-11T20:07:35,5,25,0,30
2025-05-11T20:40:30,5,25,0,30
2025-05-11T21:13:25,5,25,0,30
2025-05-11T21:46:25,5,25,0,30
2025-05-11T22:19:33,5,25,0,30
2025-05-11T22:52:33,5,25,0,30
2025-05-11T23:25:31,5,25,0,30
2025-05-11T23:58:28,5,25,0,30
2025-05-12T00:31:51,5,25,0,30
2025-05-12T01:04:59,5,25,0,30
2025-05-12T01:38:00,5,25,0,30
2025-05-12T02:11:26,5,25,0,30
2025-05-12T02:44:26,5,25,0,30
2025-05-12T03:17:26,5,25,0,30
2025-05-12T03:50:25,5,25,0,30
2025-05-14T10:30:06,5,25,0,30
2025-05-14T11:03:01,5,25,0,30
2025-05-14T11:35:57,5,25,0,30
2025-05-14T12:08:51,5,25,0,30
2025-05-14T12:42:03,5,25,0,30
2025-05-14T13:15:43,5,25,0,30
2025-05-14T13:48:38,5,25,0,30
2025-05-14T14:21:43,5,25,0,30
2025-05-14T14:54:38,5,25,0,30
2025-05-14T15:27:33,5,25,0,30
2025-05-14T16:00:43,5,25,0,30
2025-05-14T16:33:38,5,25,0,30
2025-05-14T17:06:34,5,25,0,30
2025-05-14T17:39:30,5,25,0,30
2025-05-14T18:12:34,5,25,0,30
2025-05-14T18:45:28,5,25,0,30
2025-05-14T19:18:23,5,25,0,30
2025-05-14T19:51:18,5,25,0,30
2025-05-14T20:24:12,5,25,0,30
2025-05-14T20:57:21,5,25,0,30
2025-05-14T21:30:16,5,25,0,30
2025-05-14T22:03:10,5,25,0,30
2025-05-14T22:36:04,5,25,0,30
2025-05-14T23:08:59,5,25,0,30
2025-05-14T23:41:53,5,25,0,30
2025-05-15T00:15:03,5,25,0,30
2025-05-15T00:48:04,5,25,0,30
2025-05-15T01:21:06,5,25,0,30
2025-05-15T01:54:07,5,25,0,30
2025-05-15T02:27:10,5,25,0,30
2025-05-15T03:00:29,5,25,0,30
2025-05-15T03:33:27,5,25,0,30
2025-05-15T04:06:26,5,25,0,30
